1.084892872051127881e+02
9.003038751731799039e+01
8.591366079478588347e+01
8.401272334867310576e+01
8.287664568077013882e+01
8.211045622131199195e+01
8.151289669981279928e+01
8.101799804261587212e+01
8.063913242562303196e+01
8.030185650853277934e+01
8.003198590787869193e+01
7.974818402355157332e+01
7.954291651086899151e+01
7.933745698095525256e+01
7.914922209156370059e+01
7.896935737017288659e+01
7.882647341200448921e+01
7.866219685841532794e+01
7.852365605345049460e+01
7.840443660217582078e+01
7.828490763266110264e+01
7.816633642529978943e+01
7.805103388110410378e+01
7.796802692505919197e+01
7.786114030671350861e+01
7.779009621351667647e+01
7.770316270717138707e+01
7.761389324040088411e+01
7.752621418758504035e+01
7.744163065049254158e+01
7.737303369022110644e+01
7.730768862048398660e+01
7.723784446716308594e+01
7.715444694444971674e+01
7.709438547115881590e+01
7.703485271768661846e+01
7.696283675628959031e+01
7.690139986704853925e+01
7.686019744687867217e+01
7.679424113208807512e+01
7.671943251600542624e+01
7.668915303239545267e+01
7.662840523766082867e+01
7.657429991416560711e+01
7.652697107629867901e+01
7.648279185896937804e+01
7.642963715432917127e+01
7.639026008531885736e+01
7.634833278007877766e+01
7.630124872170605954e+01
7.626499987111508005e+01
7.621930126542027040e+01
7.618063735036017192e+01
7.614177088135654969e+01
7.610447667871864041e+01
7.606980916365836265e+01
7.602790692709024256e+01
7.599103732247954213e+01
7.597256224363752608e+01
7.592734152599446418e+01
7.588720359617066435e+01
7.586653520065604539e+01
7.583751080337080452e+01
7.580404153379421928e+01
7.577099220035145777e+01
7.574481387277251088e+01
7.571675924652988954e+01
7.568771070184060079e+01
7.565698603750432483e+01
7.564025548823828160e+01
7.560935300530739767e+01
7.558709740407257982e+01
7.556580607404985983e+01
7.553302412125670173e+01
7.551834456434526999e+01
7.549223715124777812e+01
7.546967748530859410e+01
7.544413837877291940e+01
7.543090628651739848e+01
7.539477540914295162e+01
7.537731296113393853e+01
7.535962102482619684e+01
7.533733122094163548e+01
7.532314675062605147e+01
7.530257119484318196e+01
7.526243935742424185e+01
7.524907396372081791e+01
7.522626159260573786e+01
7.521206009503707435e+01
7.517930241001462832e+01
7.516738305971460932e+01
7.515045561373813143e+01
7.513198855779702967e+01
7.511365849763444658e+01
7.510059586774956131e+01
7.507430435384361544e+01
7.506351428355985433e+01
7.503780092313451178e+01
7.502288329948498813e+01
7.500144024728571424e+01
7.498347940722715066e+01
7.496108113446281607e+01
7.495032443352116047e+01
7.493859173950639274e+01
7.491498571692160624e+01
7.489961307488599118e+01
7.487607744365062956e+01
7.486282668993311518e+01
7.485765424283962943e+01
7.483784944108388970e+01
7.481489082447534145e+01
7.479550831989176629e+01
7.478002840801350715e+01
7.477015981859373994e+01
7.476531753262270286e+01
7.473716549734467662e+01
7.471878758680473709e+01
7.470889778044617913e+01
7.469679907919133655e+01
7.467975899779681015e+01
7.466372470948302009e+01
7.465890758940317085e+01
7.463525104522705078e+01
7.462544945837224475e+01
7.460499759785180629e+01
7.459812174028563447e+01
7.458709495970346381e+01
7.456994292805495661e+01
7.455599558469161536e+01
7.453854151142454043e+01
7.453374049732985895e+01
7.451300609921946716e+01
7.450988985265342990e+01
7.449378930712208557e+01
7.448177645970316973e+01
7.446312988151623813e+01
7.444486996271078283e+01
7.444984651769249240e+01
7.442398808766337481e+01
7.441729309489426214e+01
7.440505908299418536e+01
7.439002340279736813e+01
7.437070092877138450e+01
7.436480592061015216e+01
7.434958019534360574e+01
7.433452046959145321e+01
7.431958395763508918e+01
7.430808657118417671e+01
7.429321547850821617e+01
7.427767237413276291e+01
7.426416247562296746e+01
7.424627165192539735e+01
7.422903347941277730e+01
7.422468090520321482e+01
7.421189605379566956e+01
7.419005043992719095e+01
7.417962970548462920e+01
7.416974293144004093e+01
7.414730243312502012e+01
7.413265475486089429e+01
7.411531451141949844e+01
7.410063574615034554e+01
7.408752222894464978e+01
7.407129484935872199e+01
7.405662186631879251e+01
7.403967571258544922e+01
7.401717244305656607e+01
7.401020974094427629e+01
7.397986681484481153e+01
7.396409188427971060e+01
7.394716413738657934e+01
7.393531028506825464e+01
7.391254608376512181e+01
7.388903197501470288e+01
7.387191413212748614e+01
7.384934934134622608e+01
7.383410913504442874e+01
7.382148324633106995e+01
7.380332502346594481e+01
7.377658422247877468e+01
7.376193866451967551e+01
7.374501144538805875e+01
7.372793320776189319e+01
7.370049857167364848e+01
7.368087780591353919e+01
7.366022330811880181e+01
7.363769862258318710e+01
7.361631467041459587e+01
7.359706018040481013e+01
7.356318647884627637e+01
7.354172004773778326e+01
7.352183200780628169e+01
7.349200651020679231e+01
7.346776581273495310e+01
7.343828916549682617e+01
7.342772784742336967e+01
7.339541890783218037e+01
7.337295656759762608e+01
7.334905145700695073e+01
7.331237370759538408e+01
7.329308720468317517e+01
7.327607463170024005e+01
7.324701055971164010e+01
7.322602544247524747e+01
7.318435980972734001e+01
7.315346828016262748e+01
7.313673202736863743e+01
7.309750254640302103e+01
7.306432831403121497e+01
7.303354859120636888e+01
7.299980285792675261e+01
7.296947001484991802e+01
7.294038427223279086e+01
7.291096916013550810e+01
7.287913660401279969e+01
7.285344913630810026e+01
7.282224299143818769e+01
7.278696174991941348e+01
7.275440234119452043e+01
7.271851192863242375e+01
7.269403448845575610e+01
7.265324656477251608e+01
7.260675662235148309e+01
7.257986726575684600e+01
7.253699774418062418e+01
7.249368309280247047e+01
7.245040481993295600e+01
7.241585638916608048e+01
7.237671901647327388e+01
7.233113389802210236e+01
7.230110127717546220e+01
7.226188337455675992e+01
7.221830518500318874e+01
7.217880986963660916e+01
7.214990180672951681e+01
7.209881249214838306e+01
7.205189638693356358e+01
7.200233353920353352e+01
7.196812544517146648e+01
7.192190024922194880e+01
7.187919541238581189e+01
7.183857936766541741e+01
7.179235060238143262e+01
7.175999330316932401e+01
7.171430688228421957e+01
7.167550079567918431e+01
7.161689176837217019e+01
7.160303654717010602e+01
7.154894584822423553e+01
7.150650729484928547e+01
7.147000699830286408e+01
7.143812351319395759e+01
7.140575104778253035e+01
7.138098727383659536e+01
7.132583322802793191e+01
7.130193490426516689e+01
7.125743912261665969e+01
7.122337201498086756e+01
7.119853802097654238e+01
7.116187382670281636e+01
7.113457725580455815e+01
7.110517735157198160e+01
7.106039357879787133e+01
7.104192538863246398e+01
7.101625052702080154e+01
7.098562418835834364e+01
7.095513793334220054e+01
7.092484163080604276e+01
7.089395336965912975e+01
7.087769037080042267e+01
7.083036440321542671e+01
7.081114497231048688e+01
7.077985134865473071e+01
7.075039769607840867e+01
7.072788208433725288e+01
7.069436431162566237e+01
7.067216400498325868e+01
7.063280709275922220e+01
7.061054321863119299e+01
7.058664743182728785e+01
7.054540079079785642e+01
7.050836551073685143e+01
7.049260021876362714e+01
7.046462623818406712e+01
7.043581666298283039e+01
7.041822262643610486e+01
7.038851872694145584e+01
7.036300793897758865e+01
7.032296032118566131e+01
7.030230599005246006e+01
7.027655711683254935e+01
7.025322865513922466e+01
7.021877859171154057e+01
7.020415077394652315e+01
7.017857982811418083e+01
7.015762548539244392e+01
7.012609939436310924e+01
7.009843158953398756e+01
7.007443744002036112e+01
7.004668726272953450e+01
7.002076757069930579e+01
6.999651903782076090e+01
6.998428837303976024e+01
6.995628020832839411e+01
6.992831883152712180e+01
6.990476083755493164e+01
6.987949501194999868e+01
6.985376054106406229e+01
6.983710070952628257e+01
6.979500189568231860e+01
6.976684332588344262e+01
6.975334818849286478e+01
6.971921615924649984e+01
6.970418190724640795e+01
6.967485720440022590e+01
6.964797335689507918e+01
6.961081905735349551e+01
6.958624851819381263e+01
6.957993031011044138e+01
6.953917792699868983e+01
6.951238718310605691e+01
6.947577408448006508e+01
6.946582364110113872e+01
6.942945424792836207e+01
6.940523623957217580e+01
6.939783657407298278e+01
6.934688361408640844e+01
6.933533601621979869e+01
6.931385618274651961e+01
6.929120104521223311e+01
6.926432360491706675e+01
6.923680514270819231e+01
6.922129205361153481e+01
6.919342529889449622e+01
6.916366535251580672e+01
6.913435414693887537e+01
6.912510176075315371e+01
6.910204322129777665e+01
6.905966933259686868e+01
6.903331763998976101e+01
6.901115892465831791e+01
6.898463874418759190e+01
6.896144885229833221e+01
6.894634498901737629e+01
6.891633855023430044e+01
6.889297601783160019e+01
6.886574288016383605e+01
6.883712031077412519e+01
6.882716737904594595e+01
6.880834081797924284e+01
6.876818670809848300e+01
6.875456491025906303e+01
6.872570300333708815e+01
6.870930090691278735e+01
6.867703359103897753e+01
6.865137965933790554e+01
6.863252470331283916e+01
6.861049987968888786e+01
6.857682928529757760e+01
6.855511735480965285e+01
6.853663366743661811e+01
6.852245089151327306e+01
6.848520292356175787e+01
6.847049406431253260e+01
6.844749368278725399e+01
6.842546158160978109e+01
6.841393274936861246e+01
6.837876833063884874e+01
6.835587610318822271e+01
6.832828009707256456e+01
6.832356163598959142e+01
6.828329650869646628e+01
6.827825292568762450e+01
6.825376064569047685e+01
6.823344236207239533e+01
6.820958465279885274e+01
6.818838051453377602e+01
6.816732072598725267e+01
6.815109947121258926e+01
6.812720961941099063e+01
6.810409061422625143e+01
6.809196099031318283e+01
6.807529586495705587e+01
6.804169640957729825e+01
6.802186195364275534e+01
6.799987434877932913e+01
6.799231039667591858e+01
6.797174463688747892e+01
6.794909558018434836e+01
6.792092909859222516e+01
6.790868213801708464e+01
6.788823284454716145e+01
6.787804770238190599e+01
6.785840358317477694e+01
6.782782562728067433e+01
6.781498532387816169e+01
6.779240534837963139e+01
6.776917385592044241e+01
6.774987706860292747e+01
6.773965296467531516e+01
6.770939816317512339e+01
6.771180180207039712e+01
6.769368240671249737e+01
6.766896495541323020e+01
6.765834382899755894e+01
6.763602470657200172e+01
6.761125786559095729e+01
6.758771435728350241e+01
6.757573957350648186e+01
6.755387218484601419e+01
6.753526579523548889e+01
6.752440881266177541e+01
6.751957270242635900e+01
6.748639477803868658e+01
6.746677403079652890e+01
6.744066767553681530e+01
6.743085732043368807e+01
6.743236798221624895e+01
6.739935072880346922e+01
6.738690810759091221e+01
6.737725106257836671e+01
6.735509538881987623e+01
6.733914653768816549e+01
6.730953859819949514e+01
6.729974058530862635e+01
6.728910153351941403e+01
6.726665511872003833e+01
6.726611482981338952e+01
6.724483527257604010e+01
6.722149625796716066e+01
6.721246151322300477e+01
6.720376327431317520e+01
6.718055768846308240e+01
6.716202294016346741e+01
6.714255806774768587e+01
6.713346791961818383e+01
6.711515622694516026e+01
6.710045037454771943e+01
6.710868502820579806e+01
6.708541109955426407e+01
6.705876740205634690e+01
6.704681650180260988e+01
6.702291592810918530e+01
6.701629642375463902e+01
6.700818595839935199e+01
6.698939891463344054e+01
6.698277581085278598e+01
6.694970599424492264e+01
6.695487607567055477e+01
6.694156688162424018e+01
6.692503232168920135e+01
6.690960799143152826e+01
6.689879669957947783e+01
6.689095969570493594e+01
6.687246015928323573e+01
6.685355939679932646e+01
6.683586785631271709e+01
6.682544603625547097e+01
6.681732445550196076e+01
6.680569391111725963e+01
6.678034243768858857e+01
6.676422286959527241e+01
6.676466522864924968e+01
6.675214332052804878e+01
6.673143916454129965e+01
6.672460943981282355e+01
6.670683768189068985e+01
6.670290218510673697e+01
6.669187290691634473e+01
6.667362382111039665e+01
6.665854063080352887e+01
6.665665135337310687e+01
6.663340039623594180e+01
6.660941006604907955e+01
6.661024739672836859e+01
6.659383926576781221e+01
6.658604712856626406e+01
6.658496624289206522e+01
6.657051383407370793e+01
6.655721715816015660e+01
6.655272437067864644e+01
6.653893697377547767e+01
6.652316952677605855e+01
6.650108258238115866e+01
6.647947096824645996e+01
6.647703570532567596e+01
6.645882701410830862e+01
6.645944670566076695e+01
6.643767669362929951e+01
6.642475634871176737e+01
6.640639438675445660e+01
6.639591847114192547e+01
6.638336964718347133e+01
6.637333992384012049e+01
6.635686404033772590e+01
6.636098515871658776e+01
6.633695873704928658e+01
6.632701471708352869e+01
6.631825321623422553e+01
6.629950225006029996e+01
6.630008041974410560e+01
6.628759644100966852e+01
6.627577727049299483e+01
6.626563987917113252e+01
6.625169715372103951e+01
6.621899721460434307e+01
6.622669233164741343e+01
6.621981028677190295e+01
6.620865801931584826e+01
6.618810287494103761e+01
6.619014628419598978e+01
6.617559489694613717e+01
6.616252149655980475e+01
6.613591113136810407e+01
6.614160761786895648e+01
6.612696021737404806e+01
6.610491062830952558e+01
6.609187601839454373e+01
6.608598773687788253e+01
6.607080744308174758e+01
6.606340589338135771e+01
6.604390239021152809e+01
6.603663803304283419e+01
6.602940646421562576e+01
6.601571378430116965e+01
6.600477928096808000e+01
6.598655412035080303e+01
6.597709218506673778e+01
6.597137303028291910e+01
6.595935342149826397e+01
6.593781602961345811e+01
6.593457253928323780e+01
6.591393524466208476e+01
6.590568284849518932e+01
6.589190360643331701e+01
6.587448034934627117e+01
6.586571657078937392e+01
6.584512730246608214e+01
6.584328694250977776e+01
6.582815201305648145e+01
6.580478380027327034e+01
6.577896796846852112e+01
6.577240091157190705e+01
6.576799449642885520e+01
6.575127731017695965e+01
6.571742184416761745e+01
6.571568918228149414e+01
6.570710862261577745e+01
6.570769545175497228e+01
6.566405003510632810e+01
6.566469858919532498e+01
6.564604713615861442e+01
6.564449354977283235e+01
6.562059879534453444e+01
6.558081080844101507e+01
6.557119699126307921e+01
6.556607223251491234e+01
6.554135746863282463e+01
6.552019563924919510e+01
6.551594268002556021e+01
6.550502835662619816e+01
6.547814796734782306e+01
6.546485431911875708e+01
6.543975837948252661e+01
6.542615599539674065e+01
6.539241561380404733e+01
6.538701130579975995e+01
6.536636838635195090e+01
6.533608779397982858e+01
6.530988082607973411e+01
6.529395321503426430e+01
6.525086347339222925e+01
6.523470262184883950e+01
6.520642484507514780e+01
6.517658314658599750e+01
6.513947945196652256e+01
6.510309585089822804e+01
6.508381619731198953e+01
6.506319091620954964e+01
6.501419684724899639e+01
6.497449958671643344e+01
6.495857627877911966e+01
6.491766973143641906e+01
6.485078601698273815e+01
6.481043767929077148e+01
6.477287270258931073e+01
6.470729186002490962e+01
6.463627610623257169e+01
6.455264212089835496e+01
6.447090306328338727e+01
6.435859115841319067e+01
6.424629850989406066e+01
6.410510165020100715e+01
6.397589337247089247e+01
6.377975113415023856e+01
6.351262856918631172e+01
6.320104450161016985e+01
6.282682526227340247e+01
6.235846605810147025e+01
6.181356768237734656e+01
6.115916122742069660e+01
6.043386594763079955e+01
5.959601397884701868e+01
5.874034557527708955e+01
5.794442379358902429e+01
5.719328318290340007e+01
5.637831283078610056e+01
5.572220200936771306e+01
5.511615101805011108e+01
5.453091533901621801e+01
5.396426847374554825e+01
5.332406994902972031e+01
5.305426007567100299e+01
5.253614853423776054e+01
5.204910319522746676e+01
5.140733807063796945e+01
5.093869654877671849e+01
5.049890886232690690e+01
5.014129882182889730e+01
4.976410263487436225e+01
4.970957516698003786e+01
4.905259933055025812e+01
4.893844878094867568e+01
4.841691049557287840e+01
4.842428313644187199e+01
4.841153560332881511e+01
4.786569159470715817e+01
4.758263918034081286e+01
4.747612656898868977e+01
4.704572584096667498e+01
4.704852522692634409e+01
4.704462959002522382e+01
4.643209907846543416e+01
4.621980971271551653e+01
4.631141189927036095e+01
4.594017686427218194e+01
4.597654875736792235e+01
4.571644348311193085e+01
4.612096198322703344e+01
4.534334441759053647e+01
4.539676471821312731e+01
4.519867148908596732e+01
4.520675267062141245e+01
4.512502806626477536e+01
4.487840214516352688e+01
4.498394779325688830e+01
4.474639206951104597e+01
4.500395806321819947e+01
4.477427400431587046e+01
4.428286106378129716e+01
4.436178355772518245e+01
4.425390209966492705e+01
4.436863721690131968e+01
4.426519553869673018e+01
4.408173463876965315e+01
4.415670605770592516e+01
4.456863267676344265e+01
4.399149189643489422e+01
4.378066280281659317e+01
4.389191375426875652e+01
4.370583561554695962e+01
4.356291149889381131e+01
4.373169322615688515e+01
4.346067589232065131e+01
4.338877620280367609e+01
4.328627093092909206e+01
4.335081643502689275e+01
4.310494788642068187e+01
4.321988907601069485e+01
4.314988942748134804e+01
4.297986097474699818e+01
4.312403326821558380e+01
4.303233071438317126e+01
4.279325515089683307e+01
4.301477421371681942e+01
4.291154135778112533e+01
4.270951439338980293e+01
4.297190828693722864e+01
4.275801878993951277e+01
4.254769482195955987e+01
4.261978359824245643e+01
4.260347913769842165e+01
4.273102094363240155e+01
4.286092033201050810e+01
4.251267849125908072e+01
4.308730246256855878e+01
4.238779746444480168e+01
4.227860570185392675e+01
4.282299788715769751e+01
4.233025375616202979e+01
4.250496133091380102e+01
4.201963615417480469e+01
4.218316100176098615e+01
4.222056110854287425e+01
4.234428159704486205e+01
4.203688718277273750e+01
4.225991754392975963e+01
4.199962926836847288e+01
4.204298317779615246e+01
4.208094185301401069e+01
4.187618928511165706e+01
4.195804427202465803e+01
4.191170314446236489e+01
4.184396832429089841e+01
4.184602505720934573e+01
4.180008968566227878e+01
4.174077009460300758e+01
4.202110132661837838e+01
4.184220089727234893e+01
4.158859201773856284e+01
4.167810115767914425e+01
4.157407693955504868e+01
4.146884745070077827e+01
4.165410529988483290e+01
4.151452227472101697e+01
4.128932935057334674e+01
4.135171649756940582e+01
4.136633805163855726e+01
4.137068601024960657e+01
4.115446744613277019e+01
4.149277817855760730e+01
4.178775658653777469e+01
4.135453204275334826e+01
4.118992732335063067e+01
4.184827913589847981e+01
4.152523701630749997e+01
4.125802295416303878e+01
4.161864130473831125e+01
4.105046164873733971e+01
4.108062416372947467e+01
4.102097233985234226e+01
4.114678628699293483e+01
4.136937411086073269e+01
4.099167928880858369e+01
4.082561108903977498e+01
4.112355340568764461e+01
4.139189296787225203e+01
4.126294556404780423e+01
4.139124930483623643e+01
4.108460125645387251e+01
4.110965685011113635e+01
4.085798350352685304e+01
4.126284306489148435e+01
4.077802822659316462e+01
4.104648900032043457e+01
4.103725109516995673e+01
4.091986082364054766e+01
4.149309985383042942e+01
4.081669869700682085e+01
4.082798187015126246e+01
4.118819690213619822e+01
4.097782154685085487e+01
4.132683311156856121e+01
4.106290438800181875e+01
4.067644786371768362e+01
4.064677395866912235e+01
4.079606944380454792e+01
4.065796218335049872e+01
4.102336840259219031e+01
4.089937886682528756e+01
4.046938075602633234e+01
4.089494109848170922e+01
4.087582499772599931e+01
4.122896246771210826e+01
4.122921712653150905e+01
4.069391607543796852e+01
4.024472854669811994e+01
4.058794216044898207e+01
4.080824113355099314e+01
4.055535116010499053e+01
4.063600010547823160e+01
4.035601379801926214e+01
4.051105233072077283e+01
4.074162636682824967e+01
4.028128681830989422e+01
4.068101410495425085e+01
4.016502568791213434e+01
4.019281259092312553e+01
4.154476219242059187e+01
4.054658592788918270e+01
4.036631826058174966e+01
4.033595228195190430e+01
3.995920495616579871e+01
4.108690899784124895e+01
4.024376485880139143e+01
4.093858095511649253e+01
4.042913380641381593e+01
4.020141100189060523e+01
4.041401409639895803e+01
4.090306604487224718e+01
4.046919020171304027e+01
4.052444967482853855e+01
4.051284543055932375e+01
4.026402785477129243e+01
4.078467720920599504e+01
4.048261544542405233e+01
4.071098976690792171e+01
3.973938457016806325e+01
4.011633810256291355e+01
4.007095268860604165e+01
4.081103349657892210e+01
4.025158170126017154e+01
4.026967799779281165e+01
4.006276412843500623e+01
3.974916512526354495e+01
3.993115228356666790e+01
4.010127489312181126e+01
4.006748743659084511e+01
4.063747868491608273e+01
3.973539720461206315e+01
4.050299909276869670e+01
3.988817239270626658e+01
3.995400843342530806e+01
4.007422477990678544e+01
3.975229981570567617e+01
3.972787719559900665e+01
3.994345860573852036e+01
3.990822409889072730e+01
3.968856551346269868e+01
3.964295714109846358e+01
3.975041115862651964e+01
3.963604816649723972e+01
4.023074492667485202e+01
3.979692692664063003e+01
4.001077534157095528e+01
3.961920951408090019e+01
3.971484445136727714e+01
4.005480864210036174e+01
4.007591307047501061e+01
4.024750838001954634e+01
4.016052265306120717e+01
3.998546788530442342e+01
4.015308790068024791e+01
3.970008617928884576e+01
3.964997088793411706e+01
3.977829997053424194e+01
4.010606257429400756e+01
3.970155006704978717e+01
3.971610559769047200e+01
3.970939009397932296e+01
3.990216173014594858e+01
3.944944940492944596e+01
4.008848046793521291e+01
4.003739828739351481e+01
3.966881490448146508e+01
3.920410931457593762e+01
3.960982444911326894e+01
3.985702319978510388e+01
4.003776115352667375e+01
3.970013971236145522e+01
3.962518812383262912e+01
3.925324186769503854e+01
3.928478031945459747e+01
3.970460207485458426e+01
3.987725274771162276e+01
3.956470246916835976e+01
3.942638169677512394e+01
3.975699821259211575e+01
3.973216980637855755e+01
3.905457269566730361e+01
3.963573278269721811e+01
3.911416666253099095e+01
3.978038597801356957e+01
3.966874449924358004e+01
3.930059735751846262e+01
3.972190710410330894e+01
3.930331518580612737e+01
4.008558574000608843e+01
3.926157811775948403e+01
3.975904384168606498e+01
3.980367514925095662e+01
3.991742468574672387e+01
3.940384247233566839e+01
3.938972855771629611e+01
3.982699845138105132e+01
3.917325604772104697e+01
3.976797015921583522e+01
3.957148343382529987e+01
3.979236573385961151e+01
3.973409515677146686e+01
3.944161890316935626e+01
3.908362519625320886e+01
3.962819695009768850e+01
3.947570823234261894e+01
3.927504321440909507e+01
3.887904944466155399e+01
3.944977775360774075e+01
3.957870632004969025e+01
3.953989516415641958e+01
3.949595528204464046e+01
3.988822641650450151e+01
3.902989634032388011e+01
3.923402343212979559e+01
3.967170292659870512e+01
3.909690353245411387e+01
3.885754344764264800e+01
3.904735552222983586e+01
3.919014158989619290e+01
3.912587369761421030e+01
3.918898596346956964e+01
3.901654798313251860e+01
3.913616870676429471e+01
3.894009727644689178e+01
3.906685128489744585e+01
3.928483113964784224e+01
3.899594505782265941e+01
3.957777468672076537e+01
3.878542141775483287e+01
3.896713700803738334e+01
3.920622846686724472e+01
3.897422112076027645e+01
3.942748635486491793e+01
3.922701386340613539e+01
3.922119626026709227e+01
3.899498975624158703e+01
3.883188450915142198e+01
3.894606738646053401e+01
3.938173567207114445e+01
3.899534602304106556e+01
3.856174025952237372e+01
3.951195164097165247e+01
3.913489580154418945e+01
3.868747818585738685e+01
3.958223728068823988e+01
3.881222584872569570e+01
3.909586096735834104e+01
3.863516539277382122e+01
3.882026931151602867e+01
3.922344148969187216e+01
3.914431089104957806e+01
3.903557835504846452e+01
3.896711322867754745e+01
3.868120125427986977e+01
3.893709125102144952e+01
3.887467928766047010e+01
3.884482519603469797e+01
3.856102917958232013e+01
3.827950852125593428e+01
3.859964224667225352e+01
3.891201093358900920e+01
3.888210670924880930e+01
3.873376809277580435e+01
3.870685658871548895e+01
3.869759332786485828e+01
3.833314045887549071e+01
3.910229297054623743e+01
3.881793492048689131e+01
3.889617309755492158e+01
3.846497290342756514e+01
3.897494566787793957e+01
3.844540037923646025e+01
3.815924045414600840e+01
3.884273945243613468e+01
3.826176679018631432e+01
3.921623608209554135e+01
3.882511244468318523e+01
3.863372595333358817e+01
3.865330684300765540e+01
3.868605027383971162e+01
3.869481718655929114e+01
3.844545858577617281e+01
3.893889695000879669e+01
3.875300144223333376e+01
3.903572320012212771e+01
3.847013554295289595e+01
3.865592850527717417e+01
3.848544925161935737e+01
3.852351092829287893e+01
3.918385770251450140e+01
3.838847526531775145e+01
3.844587375585314959e+01
3.862972818994985147e+01
3.833552893157143870e+01
3.829414435497765368e+01
3.864842565082809500e+01
3.834574582970257950e+01
3.820162491890990708e+01
3.857871316937566775e+01
3.854855537877499216e+01
3.868893728904353679e+01
3.830045850531568874e+01
3.846727091594807035e+01
3.834560795200680872e+01
3.802213808402274253e+01
3.863928179833495591e+01
3.817070315648051348e+01
3.857980831155499146e+01
3.796475397498862492e+01
3.849831279273171702e+01
3.826835969350870670e+01
3.825097135895664024e+01
3.795356719933667478e+01
3.825089522472863024e+01
3.823768163653253538e+01
3.800935361223313436e+01
3.849060624317058199e+01
3.869255936492994152e+01
3.824320778337497018e+01
3.836232500168883774e+01
3.828465232571351606e+01
3.822560871920539682e+01
3.824354400681060184e+01
3.834323914537151978e+01
3.810748415548824397e+01
3.841864749297354820e+01
3.828540195307685678e+01
3.819067163837765833e+01
3.818243234597363767e+01
3.817157735407931085e+01
3.822453560181034504e+01
3.799313776469924875e+01
3.818051034964403812e+01
3.819275272471233507e+01
3.799782506933490112e+01
3.806499441387583715e+01
3.763072459211627319e+01
3.848065480213720946e+01
3.802116510706040486e+01
3.792214239685280575e+01
3.778266092874471127e+01
3.814538607319581587e+01
3.785658584752128775e+01
3.831580218759555123e+01
3.815603279835969630e+01
3.804278824630292632e+01
3.782608978030751246e+01
3.801503141875405589e+01
3.815277794263895572e+01
3.777957445209466414e+01
3.809228000363099653e+01
3.768651766684448745e+01
3.790417789255531034e+01
3.811868247708070356e+01
3.801212038345707356e+01
3.803598959700575222e+01
3.795082904528645429e+01
3.791183069145795059e+01
3.773585475069805284e+01
3.792775451558307509e+01
3.791913917458172989e+01
3.772704373980031534e+01
3.788090502868578113e+01
3.810675002533255196e+01
3.784838795430452052e+01
3.759960179652982504e+01
3.830924669515739112e+01
3.805506214354802097e+01
3.791534304618835449e+01
3.778619312314153689e+01
3.773485408245938544e+01
3.774204206235200587e+01
3.782382259091126997e+01
3.772656288424742144e+01
3.788364321051292194e+01
3.770351046960330876e+01
3.784426760210574514e+01
3.751645412491362919e+01
3.784425519276591388e+01
3.783330271776440412e+01
3.793713869631869073e+01
3.762679125267325020e+01
3.784031858259034209e+01
3.799617409243167288e+01
3.781333615478960297e+01
3.756339820611824365e+01
3.759446551267382830e+01
3.784534553879672814e+01
3.750252783645704113e+01
3.757206859634917606e+01
3.769701787106041735e+01
3.745292668435180161e+01
3.778134023101584660e+01
3.787461744697348820e+01
3.767803396993470244e+01
3.753191937752140461e+01
3.764215945503086402e+01
3.762266107670311754e+01
3.769272684356540992e+01
3.707298520236339101e+01
3.775251123280201426e+01
3.760790540408162030e+01
3.744025644978272993e+01
3.711271006852678056e+01
3.761570478874502754e+01
3.770590615735470408e+01
3.768854247482077824e+01
3.758302824474075265e+01
3.740449587349753102e+01
3.760856024732867553e+01
3.739090031096078803e+01
3.764497441921419352e+01
3.758028444503117527e+01
3.761363273222469417e+01
3.772305408033352592e+01
3.744179604817362872e+01
3.746860795576595393e+01
3.720033778959107451e+01
3.742104616211455692e+01
3.749223227408325698e+01
3.754252731915816810e+01
3.743357469040213203e+01
3.757336612349575233e+01
3.731094670758663767e+01
3.740844845540315333e+01
3.732297296894406458e+01
3.756685501394920124e+01
3.742269683115690526e+01
3.750979528149354536e+01
3.736326467412189345e+01
3.735073270381075616e+01
3.740577085735728247e+01
3.729207113182660294e+01
3.761742992540007435e+01
3.760151701529049006e+01
3.751737591595325938e+01
3.742551268883121907e+01
3.731876483009856571e+01
3.731625445838113109e+01
3.749032880496052655e+01
3.720458360783104723e+01
3.734389155119367842e+01
3.747684211638367202e+01
3.740270407685955689e+01
3.733180652775810415e+01
3.722415806946245453e+01
3.732650237870447540e+01
3.718383223339191801e+01
3.737821988920563854e+01
3.728735640673961171e+01
3.742712585439959838e+01
3.724103505171618167e+01
3.721429784089616533e+01
3.723234989110705584e+01
3.727357584527395318e+01
3.733055989719131418e+01
3.707829925157491147e+01
3.735877848828880587e+01
3.726867641291572397e+01
3.715320595028330786e+01
3.730246944103426188e+01
3.706695232808011298e+01
3.712469202569387505e+01
3.728203942706284124e+01
3.718492759778661849e+01
3.711041252358445774e+01
3.701749244708459230e+01
3.746586628793512830e+01
3.731465911170811012e+01
3.720623262646128637e+01
3.729832885334792536e+01
3.705018306472926781e+01
3.715188855337865448e+01
3.712689828178257301e+01
3.695066794608403171e+01
3.693642481785376219e+01
3.742139860032831677e+01
3.699803926180867109e+01
3.730371524523762616e+01
3.699388577868637640e+01
3.705418831630817778e+01
3.708050232720606232e+01
3.690739105974586209e+01
3.685932813338862957e+01
3.708369980506526531e+01
3.698455729067904230e+01
3.716044365086601431e+01
3.688258003494114234e+01
3.701767154341762733e+01
3.715559507110744164e+01
3.691066145896911621e+01
3.712360764244228051e+01
3.707831852644392256e+01
3.697034852713056807e+01
3.685913880820412913e+01
3.704868424054488685e+01
3.723396541771379731e+01
3.687596160231284870e+01
3.705647959292513605e+01
3.668446897303016385e+01
3.687344212902402063e+01
3.706525509565778975e+01
3.703560294919800810e+01
3.703463671508344390e+01
3.681985194937696804e+01
3.708051072509543644e+01
3.683167847846318210e+01
3.710362472811949175e+01
3.697536677758670720e+01
3.671177576352091876e+01
3.683150115753840481e+01
3.724606166302579169e+01
3.680499264106009605e+01
3.666416344364869673e+01
3.712250821335801731e+01
3.693501106743674001e+01
3.663855905440247085e+01
3.676813330233675714e+01
3.690083492380901475e+01
3.689331638002858682e+01
3.697506702987892879e+01
3.688743584827312105e+01
3.680719034185687377e+01
3.688424134717404002e+01
3.685533387452653642e+01
3.668503838835410846e+01
3.679477615726803919e+01
3.650551018668610226e+01
3.690504384272306737e+01
3.696730497276898575e+01
3.694346884616370374e+01
3.638390720932228817e+01
3.691770564468161808e+01
3.677398709186072523e+01
3.661018988461170665e+01
3.683153931377003687e+01
3.680832951277204756e+01
3.675389228978202993e+01
3.676322382862127824e+01
3.679347510245239761e+01
3.680503962109389704e+01
3.686400874841560693e+01
3.687547456408010049e+01
3.680092230120909136e+01
3.670242066985195351e+01
3.672952266109799524e+01
3.678847893001963598e+01
3.666974890347823646e+01
3.642060201607861813e+01
3.669982600675045603e+01
3.666450163924578476e+01
3.670488291110807211e+01
3.688618730341346463e+01
3.660761073492106021e+01
3.679195540391125974e+01
3.653918350090101086e+01
3.654792596992937348e+01
3.664114903940738088e+01
3.666496792348843314e+01
3.657616319934141558e+01
3.664243605067429144e+01
3.646346511424166437e+01
3.699397007701466578e+01
3.666772514871023247e+01
3.681175809925042586e+01
3.661760110993986927e+01
3.668486874080398508e+01
3.650719366027313839e+01
3.655675853340370907e+01
3.653681507851313626e+01
3.649711385976920752e+01
3.660902102479656861e+01
3.667682496552328786e+01
3.654261783488745863e+01
3.671301980620449257e+01
3.654862566596096229e+01
3.654445188253828292e+01
3.676752372158383508e+01
3.622024338685193356e+01
3.641414889548588718e+01
3.641959907476184100e+01
3.642640914268864094e+01
3.639619163633550158e+01
3.667545510727224922e+01
3.639070030092035779e+01
3.629138789825069011e+01
3.650914840559357799e+01
3.639880534746114193e+01
3.655017498858924085e+01
3.647975549188632272e+01
3.664903862730970729e+01
3.657237927427569701e+01
3.664293147059320432e+01
3.662234538967169328e+01
3.595779526580884777e+01
3.660313482654904504e+01
3.639894933376497477e+01
3.648891313099166922e+01
3.636269961514518911e+01
3.657745516184463952e+01
3.637840833710234989e+01
3.644335144005933103e+01
3.666027079508142350e+01
3.628883951150098142e+01
3.641448648693491918e+01
3.648973314507493626e+01
3.602776374400240655e+01
3.623722575706185722e+01
3.644165622609332900e+01
3.675846828303291147e+01
3.652636466674434246e+01
3.596905205087754354e+01
3.640726450346048892e+01
3.639552639757545194e+01
3.633303167750534612e+01
3.588542070898037650e+01
3.637532701770079058e+01
3.657028532954095823e+01
3.629061994274842817e+01
3.639066924632174249e+01
3.633173656926571482e+01
3.629884163152824073e+01
3.623597064758967434e+01
3.631082510948181152e+01
3.642719234772098957e+01
3.605212097029084362e+01
3.625134109756321266e+01
3.607279730074613866e+01
3.588076420432155800e+01
3.607340995779315307e+01
3.612650119911119617e+01
3.644886996908095256e+01
3.625286744867713651e+01
3.637083727873644534e+01
3.623571287312553579e+01
3.583482776336299480e+01
3.639753914573817895e+01
3.637503039026723428e+01
3.593732323692839969e+01
3.586318492426455862e+01
3.583410307041649645e+01
3.641236753371155288e+01
3.619494871491367149e+01
3.630587560922197099e+01
3.633154694316456812e+01
3.618113135365606325e+01
3.625488918961830365e+01
3.647749651751472300e+01
3.610662338571641072e+01
3.636062832943444079e+01
3.628447996296928579e+01
3.624317745097632582e+01
3.636766771668369103e+01
3.622382783889770508e+01
3.632706203275513701e+01
3.612830887488948406e+01
3.618592503927286685e+01
3.623897767066955566e+01
3.601657898680677761e+01
3.632575043891240085e+01
3.590625389339854223e+01
3.594863448328185029e+01
3.593964698939647207e+01
3.572500782105529282e+01
3.626178970151734404e+01
3.608162627405333467e+01
3.590218785665567935e+01
3.628389501571655273e+01
3.598015074128085899e+01
3.580074654273616375e+01
3.636853655565132470e+01
3.612026073631731293e+01
3.586400660033364574e+01
3.563167523643345191e+01
3.604602391742965750e+01
3.580894205871137359e+01
3.590616694005947807e+01
3.632644218611486053e+01
3.622077674310184392e+01
3.590476532815729627e+01
3.610836637830271201e+01
3.608249607826899563e+01
3.611438359566105305e+01
3.562164195301463110e+01
3.604645370742649391e+01
3.597145502544143625e+01
3.641700858514285954e+01
3.604194035113436456e+01
3.613299993403906996e+01
3.626441248875219969e+01
3.591112819227200248e+01
3.610289978055120486e+01
3.590725378156865588e+01
3.582735401449851764e+01
3.604137498429678033e+01
3.608765331055354153e+01
3.587584342076940658e+01
3.628819202913821584e+01
3.591862461867841461e+01
3.560023630012586437e+01
3.559371486682336183e+01
3.598760638885127605e+01
3.569031748030949558e+01
3.573227908078906268e+01
3.608621364889793171e+01
3.599360829649619831e+01
3.568760898506756973e+01
3.609531067644508084e+01
3.602833754808000322e+01
3.606310226616350434e+01
3.596344435793682237e+01
3.565684404187989287e+01
3.571842038747176673e+01
3.596444275541212932e+01
3.601001646912213516e+01
3.619342399106442087e+01
3.604942588435793738e+01
3.602634379238758555e+01
3.587304434730011593e+01
3.571976264009197877e+01
3.605716462737148476e+01
3.576571986976178863e+01
3.618221469758783826e+01
3.593672089437836803e+01
3.532661989360179433e+01
3.546805061414404037e+01
3.582267854283156794e+01
3.592446413317930620e+01
3.590739145788174369e+01
3.553513313034206078e+01
3.545735553398873208e+01
3.612153275962014476e+01
3.602891090772684635e+01
3.562005178673753392e+01
3.544056930125338312e+01
3.558596138120854846e+01
3.552814811178781440e+01
3.611248549211372705e+01
3.595943327783380994e+01
3.555087027734923311e+01
3.592453675825618831e+01
3.594067770763508207e+01
3.554169814563491769e+01
3.573574336061199830e+01
3.576269503704552477e+01
3.549605869552463844e+01
3.568932430258075073e+01
3.559652041694492652e+01
3.572700203275217490e+01
3.540738768716460072e+01
3.599369276380075888e+01
3.590275083699272329e+01
3.533768944369936804e+01
3.597945709598874231e+01
3.563005936261519935e+01
3.589957176597373234e+01
3.563619198613953643e+01
3.578416051216495930e+01
3.582656272406716624e+01
3.528421441096703859e+01
3.541271893492022826e+01
3.535943108391992951e+01
3.546706759350971083e+01
3.543054961926728907e+01
3.588160753481596288e+01
3.607645862310835128e+01
3.572480142232284095e+01
3.597456553375836563e+01
3.591926529338059026e+01
3.577284901350446944e+01
3.589125525835648034e+01
3.572041326124691096e+01
3.577629159260722247e+01
3.550356500357099776e+01
3.550888883720323719e+01
3.607671079820799775e+01
3.602753850788746348e+01
3.551677477012560047e+01
3.574369795577040065e+01
3.531689172809564070e+01
3.550897865156525768e+01
3.597262553566867638e+01
3.591963046731300579e+01
3.555328666353688760e+01
3.580571112354981977e+01
3.577017300568738278e+01
3.564516399207624175e+01
3.543580735771401180e+01
3.550360646988581692e+01
3.579068561896536949e+01
3.582952035978002669e+01
3.527432764849616831e+01
3.572629880905151367e+01
3.539002973130605767e+01
3.589792449497482352e+01
3.561662167947269353e+01
3.582760449289118299e+01
3.558285979854250769e+01
3.579088865206079362e+01
3.563934610190900543e+01
3.537946996874022432e+01
3.525403622284676430e+01
3.575780891677707984e+01
3.594386170211347320e+01
3.564420618362797200e+01
3.570220965089149701e+01
3.553091739913791969e+01
3.548647639126453868e+01
3.597186881824604399e+01
3.529633741702848226e+01
3.560570502281188965e+01
3.586055242668077625e+01
3.529741543936498260e+01
3.528326547030106042e+01
3.596858016264091162e+01
3.572591233716427439e+01
3.559929563698259614e+01
3.544256336712142996e+01
3.544581493590641941e+01
3.511685441535653496e+01
3.574689872750958131e+01
3.539430043072376719e+01
3.523831323744023791e+01
3.596013718669854597e+01
3.559038454815021879e+01
3.586791955614553018e+01
3.559398103223263377e+01
3.520915602248849297e+01
3.539104077885451716e+01
3.529637672600237153e+01
3.529538531673764368e+01
3.535165761975408572e+01
3.575073679905493407e+01
3.565310775654987197e+01
3.560590329447996538e+01
3.554860525223815415e+01
3.567591597038565254e+01
3.552251327616497178e+01
3.540836681208564585e+01
3.558711126707132877e+01
3.560780513170853112e+01
3.569646918194965224e+01
3.557206076325721966e+01
3.543906173659760128e+01
3.515021790115578426e+01
3.532416873996697859e+01
3.565674604027016414e+01
3.514216951027657387e+01
3.512772903164613325e+01
3.569659818491889780e+01
3.569183832001917267e+01
3.558503759717478232e+01
3.560717638025005982e+01
3.515656135383161285e+01
3.569674774049555310e+01
3.523923941954825523e+01
3.566126752825616819e+01
3.564206910827785180e+01
3.550143890010500769e+01
3.523604609433886736e+01
3.566783329121117418e+01
3.573603522893294837e+01
3.541128759708219320e+01
3.560408251030931126e+01
3.489260445752189810e+01
3.571194294818396742e+01
3.558251262174069041e+01
3.560881525335960163e+01
3.572980461768733562e+01
3.553177019693318783e+01
3.572542365083416627e+01
3.562445689405052462e+01
3.554560504839258073e+01
3.533004382976050550e+01
3.574744662266333250e+01
3.556908304945936550e+01
3.570033765765069944e+01
3.533712287088042103e+01
3.544185324085568567e+01
3.534571976569092300e+01
3.532737131026184585e+01
3.507587565959078546e+01
3.564229196715123749e+01
3.491099539080870073e+01
3.558865624492608504e+01
3.558280036055926132e+01
3.557359568818101536e+01
3.557692618508940541e+01
3.574162864916532811e+01
3.553565201713043820e+01
3.549880062492148625e+01
3.560681926856920398e+01
3.569763176418044992e+01
3.552933779272061088e+01
3.502987164201088177e+01
3.558886244922008046e+01
3.555298761488164416e+01
3.547550104891212186e+01
3.503887174198928278e+01
3.575720790057506093e+01
3.562488733911977334e+01
3.544575433360720496e+01
3.530603871530699678e+01
3.503817686062414793e+01
3.553165690875747629e+01
3.558558167994601007e+01
3.531325898355650850e+01
3.523645881078775943e+01
3.556318434233804027e+01
3.550401265875807155e+01
3.534613602369734053e+01
3.526027315797157513e+01
3.564367403567415948e+01
3.523381431357374538e+01
3.544003149606648861e+01
3.547743327177843753e+01
3.548715533099128550e+01
3.531251872396006064e+01
3.554779241848918048e+01
3.541143010426493731e+01
3.537198487068842923e+01
3.498753996034270131e+01
3.493824268544761935e+01
3.545773047613866424e+01
3.527239135399605630e+01
3.549085970758234510e+01
3.513240345241953833e+01
3.558160707788560018e+01
3.542617602255737808e+01
3.546030637592945567e+01
3.538671555565398563e+01
3.556398381770235773e+01
3.543827987643121702e+01
3.526412176159978884e+01
3.534643297982447052e+01
3.571012451810744182e+01
3.560036712016874105e+01
3.542313101916636953e+01
3.554831605976067976e+01
3.530940122280306070e+01
3.513273631253288443e+01
3.529208959422065561e+01
3.521347242651633991e+01
3.533803372012759070e+01
3.551402866261676650e+01
3.536321723576888587e+01
3.496546594379017847e+01
3.527224935142739071e+01
3.567561164643000637e+01
3.532077186084487863e+01
3.537879708669718326e+01
3.541992059031736773e+01
3.523369302564454131e+01
3.523024962480786115e+01
3.557325237931556927e+01
3.523205136558384254e+01
3.520837948623212554e+01
3.548518452135104440e+01
3.543332426756330733e+01
3.526042621806987398e+01
3.537933401922578014e+01
3.534708149919232056e+01
3.535829888269739030e+01
3.514173687314524130e+01
3.531654605124760593e+01
3.521521103497848060e+01
3.546187979272268365e+01
3.499909903470751971e+01
3.538424451374313406e+01
3.506365554541059737e+01
3.551106209662354019e+01
3.552543408662370439e+01
3.510445267019920124e+01
3.521274766412753365e+01
3.535645014568439848e+01
3.534763597284705838e+01
3.538450165396755409e+01
3.506689096885977364e+01
3.526010871165006932e+01
3.512823766643560930e+01
3.546889408120831177e+01
3.530417177746596735e+01
3.517405259493484948e+01
3.522528546296277341e+01
3.536755152813439196e+01
3.530643105738371190e+01
3.523398908365120263e+01
3.539486315180954534e+01
3.532308246325520429e+01
3.512891046283314722e+01
3.533019251267887029e+01
3.541540811362775543e+01
3.536678857710754897e+01
3.503347381573279051e+01
3.525321207694636882e+01
3.511830280128034332e+01
3.534150680986422799e+01
3.514322403796668226e+01
3.528149120553025853e+01
3.521421954701247614e+01
3.519330077958338165e+01
3.498987072416879585e+01
3.526797907560774092e+01
3.486530363212511219e+01
3.516946132206222586e+01
3.505228128710997026e+01
3.510153493371981881e+01
3.481071723317636923e+01
3.533596017059770844e+01
3.528310529236654958e+01
3.518739528794890248e+01
3.518182632066670834e+01
3.521441722842096311e+01
3.516464407235673661e+01
3.501774540456753471e+01
3.517658494977117556e+01
3.524672121214635467e+01
3.510547245127483507e+01
3.527631800383039717e+01
3.539148104538038098e+01
3.514811869037961145e+01
3.527848245796648285e+01
3.519922285866968537e+01
3.524269312099345797e+01
3.489573413422964165e+01
3.471976257064967797e+01
3.523894962292273192e+01
3.485460462385010771e+01
3.521367056161454911e+01
3.482754979550259833e+01
3.486456335401071982e+01
3.540122165957701128e+01
3.480810473729106036e+01
3.533334687381114492e+01
3.513724129176834055e+01
3.519797994095144844e+01
3.529858194045650066e+01
3.516819208108105954e+01
3.524208577859749170e+01
3.512180180225557535e+01
3.510494708088994997e+01
3.479755165507492620e+01
3.512489283895029502e+01
3.519179317557696152e+01
3.516060047010773815e+01
3.508280128182716595e+01
3.521295731507458981e+01
3.518251330181232817e+01
3.530206672196249684e+01
3.480220677551714203e+01
3.488502089028219899e+01
3.501857102033004310e+01
3.484350894261332598e+01
3.527118662260111392e+01
3.513279230617782645e+01
3.509772070403237620e+01
3.473020346419325222e+01
3.528135844804707943e+01
3.505054155136775051e+01
3.478337511507052682e+01
3.508628113524427761e+01
3.479578149202957604e+01
3.478652358055114746e+01
3.534670858012820105e+01
3.514437447705314810e+01
3.505334524737978796e+01
3.529643099979289644e+01
3.492612572781090563e+01
3.502971829719913899e+01
3.495028658746515760e+01
3.509301869846084543e+01
3.515001382411104913e+01
3.466027721617985691e+01
3.501372118829523572e+01
3.523889823561733436e+01
3.500374875253844209e+01
3.514243706453193994e+01
3.517402163292597805e+01
3.506414141932737749e+01
3.487667404100732682e+01
3.519473703393658326e+01
3.506912746938687064e+01
3.493767000633535957e+01
3.502516417595946763e+01
3.507147446419428860e+01
3.504854802946442760e+01
3.506411443173306708e+01
3.498921558463457870e+01
3.499418309128400040e+01
3.494380803015625503e+01
3.473884163782434342e+01
3.522153735623776072e+01
3.506077357403282946e+01
3.464487537134041162e+01
3.518360587694112240e+01
3.509652004427123018e+01
3.501195414783884985e+01
3.519973139161044884e+01
3.511916637420654297e+01
3.494012865279484714e+01
3.490711601961006494e+01
3.493819206663705756e+01
3.490341544614254587e+01
3.515147019127040551e+01
3.508174014785915062e+01
3.492167747367933117e+01
3.530610109532921115e+01
3.502293077487389894e+01
3.507211483566506161e+01
3.512223055061785004e+01
3.502362999406832955e+01
3.474452455761363012e+01
3.510043585647657238e+01
3.517530172310986813e+01
3.463116343276014675e+01
3.504520466026750825e+01
3.500882510537082482e+01
3.495673649519392256e+01
3.515528275202778730e+01
3.503160162805353650e+01
3.489994469198208549e+01
3.503044216609695383e+01
3.489053170657852121e+01
3.457897464974412571e+01
3.518219918649173650e+01
3.510651081511117866e+01
3.515293447253773707e+01
3.486588116756920641e+01
3.509824453511284048e+01
3.501743149988859471e+01
3.491172564376905285e+01
3.527246284484863281e+01
3.486265644517916940e+01
3.494891915506529756e+01
3.485383489525433731e+01
3.497030119294101524e+01
3.499715334697834379e+01
3.502311354007535726e+01
3.485009411700720960e+01
3.498319985565630219e+01
3.494747196354911978e+01
3.504080073810317941e+01
3.496408635204278426e+01
3.508804530310399628e+01
3.495788348994209116e+01
3.485465126824610138e+01
3.467282684798379222e+01
3.508503910175804918e+01
3.464396048055111521e+01
3.496801407128862138e+01
3.515542753923286767e+01
3.502577755057696152e+01
3.491411276002531849e+01
3.511997332387757353e+01
3.459120149982785364e+01
3.509556556673883421e+01
3.462790886638234156e+01
3.483494521807698163e+01
3.454789010529379567e+01
3.536833789279160101e+01
3.487236873154501637e+01
3.499045579641767745e+01
3.492435637492577882e+01
3.483207067239631982e+01
3.493760428845303778e+01
3.491488103264743614e+01
3.504465195507679454e+01
3.485697100231948298e+01
3.500460960564104340e+01
3.459856137257177977e+01
3.500998129428011651e+01
3.489341911065925927e+01
3.478341738923082005e+01
3.504308721162740170e+01
3.516108965642244044e+01
3.498469835577659381e+01
3.494684553840785668e+01
3.492549898323503754e+01
3.485356470219139879e+01
3.500459685603392046e+01
3.479606649482134628e+01
3.475629797722529446e+01
3.497931260970032241e+01
3.505620371948167957e+01
3.481041996918835935e+01
3.491393708488315895e+01
3.477994386432240503e+01
3.491558087450786729e+01
3.500853661657536975e+01
3.495883529626050290e+01
3.486964800056902192e+01
3.444963269094819225e+01
3.472865598873027437e+01
3.450819670806810535e+01
3.501428193721956461e+01
3.500792271882585283e+01
3.493904722778542293e+01
3.488173948908315225e+01
3.486176501662986027e+01
3.474709616124051337e+01
3.498335729756401236e+01
3.484555640035462432e+01
3.458429181922986828e+01
3.507898925346078300e+01
3.484865493218875798e+01
3.493776281597544653e+01
3.448592565129104059e+01
3.455381236724483074e+01
3.463155116155309798e+01
3.490476158290233144e+01
3.449437551822477133e+01
3.453452680180373591e+01
3.498274173319918390e+01
3.480379560155775920e+01
3.486108761157804281e+01
3.457414608788721466e+01
3.483082406497695871e+01
3.491486738723458672e+01
3.488376526462221960e+01
3.456240716026824344e+01
3.462970551240791650e+01
3.487367830693143134e+01
3.504652578159443266e+01
3.498661713461274303e+01
3.477629944421712338e+01
3.492967087088279499e+01
3.481058555436365509e+01
3.477458823305889268e+01
3.484639005290652136e+01
3.487470111800629269e+01
3.458251322125925498e+01
3.491280625398876936e+01
3.482881726801974054e+01
3.481484638834462686e+01
3.485638739067373848e+01
3.473161255271689640e+01
3.454826426737516698e+01
3.473934095577129000e+01
3.491131349211757851e+01
3.485341404942632693e+01
3.476942780874308170e+01
3.455413028105948570e+01
3.489447366612628798e+01
3.456253146199346560e+01
3.473607122087941690e+01
3.482165425495036715e+01
3.442186284759669945e+01
3.488359627445924360e+01
3.481238640164865927e+01
3.446871857272768835e+01
3.491705747021054407e+01
3.474065801935288533e+01
3.488677854676848256e+01
3.471315880192135950e+01
3.470126659198871977e+01
3.479628228678286916e+01
3.477905258160193114e+01
3.491049007304663832e+01
3.465948752292151624e+01
3.480851101412356741e+01
3.467386388315738088e+01
3.481699214629756511e+01
3.448425756611869986e+01
3.470928705085828625e+01
3.482425972327445152e+01
3.454483120649763350e+01
3.480469838392387061e+01
3.483679878133014540e+01
3.437936934915560983e+01
3.453010360708514526e+01
3.474243417063963335e+01
3.492622095867267973e+01
3.468872348081718116e+01
3.446969230661114381e+01
3.485407108010597454e+01
3.494744125384728761e+01
3.479326241919137885e+01
3.463634025240407510e+01
3.486936093765555000e+01
3.466075904623976101e+01
3.482915473910211546e+01
3.515852429334399432e+01
3.438276906383847376e+01
3.499749087361455935e+01
3.453825739286478580e+01
3.467189729792400499e+01
3.480823776559922322e+01
3.463984490598289767e+01
3.478966377313854963e+01
3.473005367251275999e+01
3.479806454436292995e+01
3.475618904076733884e+01
3.475002106416572900e+01
3.455078671742411700e+01
3.466516279479832008e+01
3.441470560055334715e+01
3.476022564786151747e+01
3.477031689708672957e+01
3.463281661098443465e+01
3.443469366055090575e+01
3.449624992342828733e+01
3.454929991370266151e+01
3.449015317379849677e+01
3.487842830870915378e+01
3.482201334342215659e+01
3.427855043272370494e+01
3.479154025235222036e+01
3.436431838702229413e+01
3.474666617217572906e+01
3.444748269469992863e+01
3.484073285454685021e+01
3.444757958754752281e+01
3.474951302889481042e+01
3.472923988971895426e+01
3.463920212023466405e+01
3.498640529391835230e+01
3.452710907436111398e+01
3.482508606355167302e+01
3.459948435570429837e+01
3.440903958070625634e+01
3.465648608531766683e+01
