1.356295706832293035e+02
1.219001954944388331e+02
1.197654099202078868e+02
1.140229422016051188e+02
1.102735624618900658e+02
1.066567181730733296e+02
1.042046714371351896e+02
1.010262775490584914e+02
9.829595026049156559e+01
9.532817845645459442e+01
9.274713482271751275e+01
9.033047242072022698e+01
8.848377659785560923e+01
8.758001122461443799e+01
8.668674183323931004e+01
8.413669848673552565e+01
8.247565992664161172e+01
8.089043089564178501e+01
7.978855110567080544e+01
7.737769849416122270e+01
7.570972258880411232e+01
7.532170513269655032e+01
7.488817961369953480e+01
7.392572268997966489e+01
7.332060826171948520e+01
7.180249628823047203e+01
7.029097260086281551e+01
6.888575514956750112e+01
6.763353909518673390e+01
6.644256421400891099e+01
6.704335426709288015e+01
6.661863190297363246e+01
6.591628083820798167e+01
6.487937311102226090e+01
6.381270647849190425e+01
6.285082634868745544e+01
6.190491700985712242e+01
6.107483520992690273e+01
6.174083765033230975e+01
6.127789528566656685e+01
6.039198582386366354e+01
5.955112882416610631e+01
5.878956167750122574e+01
5.803380305521906735e+01
5.728243532494562373e+01
5.741632795087291896e+01
5.720415235462082393e+01
5.668052432461849577e+01
5.599327145592160804e+01
5.536605181235711370e+01
5.472702525947835284e+01
5.409503712339842707e+01
5.347133099864660011e+01
5.293891383944891516e+01
5.319041991254869117e+01
5.284789798436647601e+01
5.231062105091441339e+01
5.173929253967860831e+01
5.123209991124736717e+01
5.071241285094937012e+01
5.018997058146663903e+01
4.973183617183417482e+01
4.927794774873063233e+01
4.891145939640339435e+01
4.923389442574185182e+01
4.885764219649366424e+01
4.840705352740916112e+01
4.796241597709555293e+01
4.755834476681420853e+01
4.713207905314005330e+01
4.675142271520663684e+01
4.673607802540546174e+01
4.665033109393552735e+01
4.681683664910282516e+01
4.644489639774495515e+01
4.619540964961660734e+01
4.581401334604328923e+01
4.545343187302239585e+01
4.507840304889212746e+01
4.473334360927054121e+01
4.439880045952305920e+01
4.420838158454709799e+01
4.416300650451152165e+01
4.387307459354345696e+01
4.354689784232444083e+01
4.321728620795101250e+01
4.291460117092756121e+01
4.260961559171552437e+01
4.230212098498556372e+01
4.202932164292248274e+01
4.174333589951765333e+01
4.147466602990676421e+01
4.120869903866116601e+01
4.096840235291126220e+01
4.107062485852775069e+01
4.079147772909320224e+01
4.052337492664897667e+01
4.025063613018754438e+01
3.998548965878705275e+01
3.980218011946354295e+01
3.962500914945907482e+01
3.942166100391632710e+01
3.926487062481685797e+01
3.901431811394488136e+01
3.878483134819521183e+01
3.854045094865476528e+01
3.829955372999869923e+01
3.805943445521094048e+01
3.785221881516907416e+01
3.765341014893625271e+01
3.743861788453407513e+01
3.722394104708043017e+01
3.702985377808045087e+01
3.702609817883445231e+01
3.694293385231328841e+01
3.681902532995366073e+01
3.661921585286744829e+01
3.641053410117438460e+01
3.619858012633562083e+01
3.599713671750428290e+01
3.579344626226939852e+01
3.560273889170584027e+01
3.541272131888960217e+01
3.522269764523912272e+01
3.505518129954291595e+01
3.487766267426999889e+01
3.470316383908095759e+01
3.451971519930125254e+01
3.435261202258666202e+01
3.417916146880036621e+01
3.400287432298820534e+01
3.385689380891219713e+01
3.395315880375679995e+01
3.378932968195305619e+01
3.361711344766942489e+01
3.344804212981159708e+01
3.339121083427257730e+01
3.325283101979767508e+01
3.309213340477278109e+01
3.293104658500497095e+01
3.276941304351150563e+01
3.261497661959989358e+01
3.246100549789656498e+01
3.231017672425656428e+01
3.216052976955647580e+01
3.200980385147457952e+01
3.186053330027815278e+01
3.171193765475661763e+01
3.156388356402587192e+01
3.142340913137571690e+01
3.127995905378413255e+01
3.113776998628477344e+01
3.099441386506720875e+01
3.085325910566794505e+01
3.077508366673932727e+01
3.087477764997696994e+01
3.078949834062573743e+01
3.065515350503623893e+01
3.051754894675574903e+01
3.038145185191799058e+01
3.024456017590874524e+01
3.011059911176339199e+01
2.997732020479563886e+01
2.984775895137880752e+01
2.972017112907573377e+01
2.959412662676725247e+01
2.946908321978567358e+01
2.934546942061646035e+01
2.922371460139980925e+01
2.941498820622398824e+01
2.930799244735862530e+01
2.918782223469383652e+01
2.906619322330062261e+01
2.894663064875063796e+01
2.882838816622259159e+01
2.871056946322966397e+01
2.859535242001254929e+01
2.848034761428468897e+01
2.836902662645666595e+01
2.825847963869507495e+01
2.815021734221557281e+01
2.804074782201145766e+01
2.793330645461924533e+01
2.782736888049196367e+01
2.773419836963202201e+01
2.783747842552915941e+01
2.777107282289803436e+01
2.767285513247470519e+01
2.757415490766614496e+01
2.747332272466860204e+01
2.737350843436037096e+01
2.727336104586117571e+01
2.717550993293120598e+01
2.707755205656551212e+01
2.698287435261087808e+01
2.689111167571557459e+01
2.690360763881835382e+01
2.681383604897322925e+01
2.671760925710646006e+01
2.662053180740296199e+01
2.652496707789513053e+01
2.643024327794393713e+01
2.633771225325009624e+01
2.624576600107855384e+01
2.615600404458787764e+01
2.606531904467719230e+01
2.597422225804295692e+01
2.588529576275489319e+01
2.579838633022289685e+01
2.571161805519724908e+01
2.562508811361795225e+01
2.553972036135591850e+01
2.545455334405422221e+01
2.536944765168367155e+01
2.528622115360315092e+01
2.523608729783921234e+01
2.524635963616800538e+01
2.518876006781730936e+01
2.510900999165629699e+01
2.502709992765223035e+01
2.494819734571311187e+01
2.486981654437228784e+01
2.478897679893715988e+01
2.470807454795492575e+01
2.462732663346468698e+01
2.454838403970558858e+01
2.447050066814314206e+01
2.439357720674089336e+01
2.431712248711778557e+01
2.424137205932149541e+01
2.416600582520277385e+01
2.409264858982955815e+01
2.413860789171988586e+01
2.414676987356233795e+01
2.407946004100733361e+01
2.400914792482331706e+01
2.393663639745582827e+01
2.386363228391821067e+01
2.379081360237727338e+01
2.371884605914450717e+01
2.364666394578821240e+01
2.357526821588653121e+01
2.350545984407778022e+01
2.343619468146005858e+01
2.336756750765426816e+01
2.329997659241666597e+01
2.323235355567634031e+01
2.316556615958552001e+01
2.309880013027009582e+01
2.303319264097121177e+01
2.296704844130827183e+01
2.290279050968446128e+01
2.283862062316930874e+01
2.277446830150102386e+01
2.271104734608406872e+01
2.264739469385443726e+01
2.258410064833466180e+01
2.252042198099956849e+01
2.245866669374109748e+01
2.239642401011779071e+01
2.233525504415572627e+01
2.227485744677771606e+01
2.221422833461487656e+01
2.217112585747897668e+01
2.219884210989400586e+01
2.214602433231522838e+01
2.208673952623981407e+01
2.202685237883303770e+01
2.196660997731238041e+01
2.190682761634009168e+01
2.184713480475169689e+01
2.178885427928359064e+01
2.173070562067706391e+01
2.167316083266964810e+01
2.161602803974370346e+01
2.155884232200222073e+01
2.150304010016472489e+01
2.144760143047664158e+01
2.139166525680079545e+01
2.143255673097795366e+01
2.139512824164772198e+01
2.134445641850838982e+01
2.129159681817844074e+01
2.123773585358331673e+01
2.118353599499567963e+01
2.112944895227358799e+01
2.107568697667703361e+01
2.102199612778110094e+01
2.096865000791311218e+01
2.091657701722945717e+01
2.086464286030096460e+01
2.081368505007639769e+01
2.076246567271592269e+01
2.071179228419553908e+01
2.066146483000160217e+01
2.061163032348544988e+01
2.056188478354423310e+01
2.051318901264606254e+01
2.046424026968193033e+01
2.041540898536594284e+01
2.038453307467630182e+01
2.043207333965607475e+01
2.039935991303335427e+01
2.035410513532789167e+01
2.030736858079373874e+01
2.025984704672242742e+01
2.021195688545618907e+01
2.016449674903827827e+01
2.011732800471987659e+01
2.007032757394746270e+01
2.002330942065992758e+01
1.997657554419161841e+01
1.993033377054647914e+01
1.988432376324913164e+01
1.983864928561121133e+01
1.979341976772922962e+01
1.974880367277234683e+01
1.970433076382512994e+01
1.966007338258046744e+01
1.961573816641297086e+01
1.957219128957826015e+01
1.953269210024506108e+01
1.951903354408915092e+01
1.953924209039859861e+01
1.949929997346933774e+01
1.945662408436457369e+01
1.941320434883836299e+01
1.937018544814921484e+01
1.932700083185903495e+01
1.928455452772230672e+01
1.924201723143077558e+01
1.920013692329948896e+01
1.915845609395065097e+01
1.911701798236832417e+01
1.907624154148922813e+01
1.903541921967682882e+01
1.899522035672132958e+01
1.895485871787484200e+01
1.891507835831774642e+01
1.887563220150194354e+01
1.883627189863034701e+01
1.879686472330880775e+01
1.875807945819879308e+01
1.871914238797794638e+01
1.868016073030142010e+01
1.864180231100883134e+01
1.867026879900113556e+01
1.865037001687865015e+01
1.861637555143977707e+01
1.857843239070638219e+01
1.854037205413331435e+01
1.850239720481586758e+01
1.846398479231002199e+01
1.842631284945768755e+01
1.838858023700155897e+01
1.835095379596430476e+01
1.831395087191292959e+01
1.827675511143940312e+01
1.824054697409107462e+01
1.820436314172729197e+01
1.816825338979542437e+01
1.813288355882840719e+01
1.809737801187868556e+01
1.806219644048044159e+01
1.802684521537652174e+01
1.799204464429341499e+01
1.795718999682228301e+01
1.792288095261563541e+01
1.788875426325873264e+01
1.785421726518307750e+01
1.782008509010539044e+01
1.778583787306824249e+01
1.775209435925999557e+01
1.771881534825368476e+01
1.768530869971895569e+01
1.765185324574207471e+01
1.761864481690259510e+01
1.758554291240623968e+01
1.755256690736108638e+01
1.751960999099161853e+01
1.748703236698123220e+01
1.748672759687901035e+01
1.750077204877104720e+01
1.747036853706476123e+01
1.743885835093818315e+01
1.740692810703825444e+01
1.737456610634874821e+01
1.734233388057426595e+01
1.731024272101733530e+01
1.727837988289844162e+01
1.724696757814857051e+01
1.721554567775432076e+01
1.718418172013250356e+01
1.715280639856053568e+01
1.712210565625383296e+01
1.709133353988230297e+01
1.706105594585916307e+01
1.703073250174946907e+01
1.700067334155733434e+01
1.697061353728753730e+01
1.694085080912161345e+01
1.691106560744393050e+01
1.688152026427806263e+01
1.685205150064678037e+01
1.682249351086896993e+01
1.679326926695233624e+01
1.676403355338112178e+01
1.673513991332793793e+01
1.670631909908642498e+01
1.667748984263571543e+01
1.664893048628856675e+01
1.662059244126410107e+01
1.659231445488028100e+01
1.656410024382317658e+01
1.653594189449728091e+01
1.650800895841571148e+01
1.647984778654455695e+01
1.649042303755456373e+01
1.648979682542916692e+01
1.646533095143043113e+01
1.643796027596854614e+01
1.641190204479173076e+01
1.638415967370330506e+01
1.635627782914359685e+01
1.632847614487261723e+01
1.630083316101882929e+01
1.627331185068072372e+01
1.624589911849455959e+01
1.621861850608889100e+01
1.619175150957649123e+01
1.616479966446216565e+01
1.613822747120504530e+01
1.611172517326295761e+01
1.608532151388517306e+01
1.605928387196119189e+01
1.603317086321089491e+01
1.600758871823918028e+01
1.598192101422367450e+01
1.595617991117595125e+01
1.593066990996948462e+01
1.590539349554588711e+01
1.588011311949129478e+01
1.585483653067304033e+01
1.582970621287535984e+01
1.580478157865399069e+01
1.578001382282906562e+01
1.575553572404830227e+01
1.573082454583701839e+01
1.570614218237047055e+01
1.568232547026236112e+01
1.569864448590178263e+01
1.567585175161724642e+01
1.565164166820879821e+01
1.562722538361587787e+01
1.560265933911904490e+01
1.557815847982414681e+01
1.555359725540382421e+01
1.552918495940020982e+01
1.550489090050875873e+01
1.548072886220283628e+01
1.545675835840307855e+01
1.543296434050053634e+01
1.540933525693646899e+01
1.538592405316919098e+01
1.536269287910599779e+01
1.533959228569922040e+01
1.531662168258520396e+01
1.529375328172287851e+01
1.527094508909662451e+01
1.524829002774911757e+01
1.522559092356558885e+01
1.525998221795349430e+01
1.524121724332616346e+01
1.521934524091702023e+01
1.519711714159790539e+01
1.517451371125371828e+01
1.515189451548091881e+01
1.512919766438304237e+01
1.510679294204074985e+01
1.508421918142189178e+01
1.506187405878328711e+01
1.503981399153623855e+01
1.501773039560183420e+01
1.499587802036318607e+01
1.497398278052092557e+01
1.495257991402918663e+01
1.493096934808659704e+01
1.490959289016123002e+01
1.488828639333541126e+01
1.486725128234578364e+01
1.484608253406153189e+01
1.482522780350868530e+01
1.480442372212538338e+01
1.478358419508422550e+01
1.476291328807245229e+01
1.474226619517083492e+01
1.472190126255703291e+01
1.470114060256334021e+01
1.468083917752874079e+01
1.466051673669838173e+01
1.464043242746717866e+01
1.466953777532367553e+01
1.467306415648462981e+01
1.466682735695059492e+01
1.464841913437941834e+01
1.463014141126098799e+01
1.461091985384705438e+01
1.459213717420224476e+01
1.457323329323344474e+01
1.455318021994419553e+01
1.453308765412423398e+01
1.451304081893182385e+01
1.449306010772761510e+01
1.447305734874232108e+01
1.445333331345567984e+01
1.443371965322267059e+01
1.441417394374265903e+01
1.439466555845738860e+01
1.437543370928906938e+01
1.435635491992618817e+01
1.433719965218586800e+01
1.431830671382075515e+01
1.429953315292592286e+01
1.428067605960102249e+01
1.426202077303669036e+01
1.424340542630744544e+01
1.422499554316829418e+01
1.420664290522991635e+01
1.418843453879473415e+01
1.417014519443091025e+01
1.415172281488101902e+01
1.413343329406870552e+01
1.411543504210729516e+01
1.409740587570576942e+01
1.407944301523754227e+01
1.411655068326589735e+01
1.410960541241265176e+01
1.409454417190729281e+01
1.407799047887983335e+01
1.406122938447485637e+01
1.404408864240718380e+01
1.402699714943799236e+01
1.400969531289644010e+01
1.399247755777348168e+01
1.397497847602109822e+01
1.395758602274842453e+01
1.394004286906350210e+01
1.392279138642827085e+01
1.390554570736323292e+01
1.388839679027698004e+01
1.387121141260609924e+01
1.385407749270338584e+01
1.383691174332585128e+01
1.381973591501611409e+01
1.380253857409016760e+01
1.378572147331307995e+01
1.376874869110107547e+01
1.375207289006755040e+01
1.373522887984260876e+01
1.371855755872745419e+01
1.370193420040036614e+01
1.368530920911411108e+01
1.366884605273467912e+01
1.365224218758117125e+01
1.363596723631635044e+01
1.361966050845925835e+01
1.364179357874934517e+01
1.363292641858570953e+01
1.361933496961523282e+01
1.360367941754860510e+01
1.358733813645974919e+01
1.357085843203072528e+01
1.355433677459341268e+01
1.353794458736134843e+01
1.352140080272623024e+01
1.350496678975910037e+01
1.348866388061053811e+01
1.347254808669339887e+01
1.345650795860058047e+01
1.344062233143899121e+01
1.342483577261856631e+01
1.340912092904609842e+01
1.339341356402168159e+01
1.337781465282654558e+01
1.336238807848742027e+01
1.334683972796008433e+01
1.333132524824633869e+01
1.331614891181088289e+01
1.330096171067388866e+01
1.328562124183504700e+01
1.327047361892807409e+01
1.325552849544882328e+01
1.324043150370980371e+01
1.322529399496502656e+01
1.321024614339397374e+01
1.319542292339130540e+01
1.318071264291720368e+01
1.316568077756614841e+01
1.319265009957832113e+01
1.319088161920073787e+01
1.317972160726768749e+01
1.316721007350940553e+01
1.315411903702083585e+01
1.314066538145222118e+01
1.312691917387868834e+01
1.311285806627724959e+01
1.309878057960268727e+01
1.308462092602852955e+01
1.307054911872160652e+01
1.305640729412367662e+01
1.304206350465684139e+01
1.302763551335564962e+01
1.301306430462917518e+01
1.299872831652714211e+01
1.298443942496352932e+01
1.297006364912358301e+01
1.295577763628729606e+01
1.294156808596411423e+01
1.292728496628629387e+01
1.291322432300475498e+01
1.289913489215081022e+01
1.288533778195897206e+01
1.287141812068293412e+01
1.285758737050959510e+01
1.284392879900052797e+01
1.283016171080975454e+01
1.281647085648426554e+01
1.280274840507677681e+01
1.281486761595644985e+01
1.281500479023892680e+01
1.280489106076889883e+01
1.279149692893189361e+01
1.277779570186658731e+01
1.276402488368758270e+01
1.275015885233104385e+01
1.273630413367098591e+01
1.272262437610574182e+01
1.270893824900223734e+01
1.269536182780404054e+01
1.268179097658981647e+01
1.266831103806446990e+01
1.265494360880194336e+01
1.264185987522299293e+01
1.262883835284329592e+01
1.261572522882002367e+01
1.260276163807440319e+01
1.258979139329827568e+01
1.257680059831540831e+01
1.256387805944338076e+01
1.255093550133473634e+01
1.253815078816509754e+01
1.252544855874168661e+01
1.251266852936967844e+01
1.250014430214420713e+01
1.251278792526320238e+01
1.251444719447669485e+01
1.250328419813231307e+01
1.249128821201093231e+01
1.247891378849940125e+01
1.246626439480684745e+01
1.245370724787049532e+01
1.244105875206074785e+01
1.242838790719100572e+01
1.241554292207301557e+01
1.240290725606402766e+01
1.239027498086696788e+01
1.237775246050366107e+01
1.236527325608506267e+01
1.235277942479065949e+01
1.234046881750361990e+01
1.232824667206881664e+01
1.231608053783176082e+01
1.230395512236652422e+01
1.229185462819221719e+01
1.227984078540170998e+01
1.226785712296536701e+01
1.225586249777701475e+01
1.224394354192880918e+01
1.223209620579922330e+01
1.222018652558241669e+01
1.220835929625766170e+01
1.219662993436735654e+01
1.218475260165734397e+01
1.217310464400361347e+01
1.216153150528582749e+01
1.214998489219632383e+01
1.217069210023628401e+01
1.218001683156194659e+01
1.216993014983757071e+01
1.215941926739010270e+01
1.215140117993352931e+01
1.215632186719324181e+01
1.214528800133629716e+01
1.213386387125636112e+01
1.212238074665155452e+01
1.211075371711774373e+01
1.209912486630947015e+01
1.208743010036891619e+01
1.207582728717999920e+01
1.206421713162394482e+01
1.205266322545073621e+01
1.204121439933753734e+01
1.202981592352408136e+01
1.201852389807021204e+01
1.200729499231280784e+01
1.199610000708688773e+01
1.198485322657397667e+01
1.197373952684507792e+01
1.196270430411584940e+01
1.195169093576254227e+01
1.194077378861163474e+01
1.192984347804621770e+01
1.191893835536719948e+01
1.190792224162494506e+01
1.189704283029437981e+01
1.188634128512801169e+01
1.187551245030594060e+01
1.186480495890515741e+01
1.185412878875047937e+01
1.184350015788370136e+01
1.183275416485510156e+01
1.182202697853087514e+01
1.181145474944400675e+01
1.180088163777216259e+01
1.179030984032621099e+01
1.177988538949244557e+01
1.176949676017956925e+01
1.175910517207226569e+01
1.174866786424719933e+01
1.173830368833460014e+01
1.172783529524920709e+01
1.171745792104177220e+01
1.170723635603663837e+01
1.169716004243979057e+01
1.168706868424077605e+01
1.167706941138385268e+01
1.166704132939193528e+01
1.165700674579784391e+01
1.164693327879463070e+01
1.163700657551196649e+01
1.162699748011000089e+01
1.161703465496929333e+01
1.160720291677625582e+01
1.159722876981459194e+01
1.158735664758867401e+01
1.157746077583840716e+01
1.160301950145716887e+01
1.160124623911179320e+01
1.159209835629225971e+01
1.158230828086380804e+01
1.157237382316343322e+01
1.156236809699730195e+01
1.155226392237926980e+01
1.154213028396205232e+01
1.153195910039288741e+01
1.152185791631600864e+01
1.151172267675133831e+01
1.150170395808281931e+01
1.149169142512914554e+01
1.148167304474447370e+01
1.147175858514619762e+01
1.146193644394918465e+01
1.145216963771833996e+01
1.144243753899481675e+01
1.143282104097380092e+01
1.142329737462242889e+01
1.141372679514386412e+01
1.140412604594437340e+01
1.139452870993324218e+01
1.138497524074341172e+01
1.137543045382309259e+01
1.136592899789269318e+01
1.135646767112164035e+01
1.134704184636687785e+01
1.133759703811641906e+01
1.132828037623480455e+01
1.134750131633060022e+01
1.134523361636802186e+01
1.133897322233859839e+01
1.133146008456601983e+01
1.132406498226520775e+01
1.131570975181539751e+01
1.133120307133384586e+01
1.133018683031354890e+01
1.132158369162582368e+01
1.131266769553960039e+01
1.130358923365154133e+01
1.129437666597167578e+01
1.128503762711580016e+01
1.127569507779383073e+01
1.126636113938010730e+01
1.125698531313604001e+01
1.124773233001572770e+01
1.123850868901754829e+01
1.122926092799376541e+01
1.122003749294438535e+01
1.121085529326681041e+01
1.120179233357375992e+01
1.119268051809631181e+01
1.118365284083176014e+01
1.117470083720464125e+01
1.116573782942905346e+01
1.115679294877464578e+01
1.114798802351215201e+01
1.113908116310962448e+01
1.113032613783875924e+01
1.114205340217966622e+01
1.113621569651615140e+01
1.112859349405972864e+01
1.112090903563735544e+01
1.113469899947707198e+01
1.112969863455101382e+01
1.112158260694635104e+01
1.111309047075350342e+01
1.110442529135572798e+01
1.109570124974290195e+01
1.108688467533549726e+01
1.107805849240671492e+01
1.106933654832307568e+01
1.106059704380466790e+01
1.105187556881435107e+01
1.104314407425224864e+01
1.103452391284847245e+01
1.102595506674150094e+01
1.101741798463587330e+01
1.100886644221693977e+01
1.100035662760487476e+01
1.099198662306297258e+01
1.098363091322161367e+01
1.097514248314426943e+01
1.096674604268499209e+01
1.095846782868854596e+01
1.095011839334677894e+01
1.094187044637732953e+01
1.093362079470748505e+01
1.092541459326187159e+01
1.091719567296737559e+01
1.090895635393156127e+01
1.090083592716478833e+01
1.089254701809782766e+01
1.088439695222821157e+01
1.087619397210021432e+01
1.086800789371973508e+01
1.085985785092486111e+01
1.085173392704821005e+01
1.084361501285384044e+01
1.083555409963116034e+01
1.082750813922390876e+01
1.081948713678650442e+01
1.081151382492720181e+01
1.080356134410815905e+01
1.079559775813989475e+01
1.078764233151433416e+01
1.077967680992017385e+01
1.077176275550151630e+01
1.076387798549618680e+01
1.075599811937340888e+01
1.074811400839517717e+01
1.074032348430368167e+01
1.073257254799956151e+01
1.072485226368281275e+01
1.071709031918931565e+01
1.070937247670067372e+01
1.070166401283970181e+01
1.069396834293194054e+01
1.068635475786280864e+01
1.067879406998250147e+01
1.067131022735880208e+01
1.066385347260994898e+01
1.065643212523275274e+01
1.064895154027692925e+01
1.064144870168333235e+01
1.063400657037980679e+01
1.062647244486903908e+01
1.061907028529779673e+01
1.061169321058505410e+01
1.060431208356335198e+01
1.062404807197300727e+01
1.062010073116825559e+01
1.061313539531348304e+01
1.060571963214330893e+01
1.059821947515463592e+01
1.059066709412030427e+01
1.058298342197456599e+01
1.057530070121208077e+01
1.056757924346498001e+01
1.055996654801179702e+01
1.055239297915469976e+01
1.054476886333100616e+01
1.053710144164778839e+01
1.052955990657717678e+01
1.052199367817230602e+01
1.051450177268802300e+01
1.050703646995007290e+01
1.049967477564220175e+01
1.049229091675448267e+01
1.048504049801003113e+01
1.047771408081242939e+01
1.047038707336622565e+01
1.046304367863951867e+01
1.045581556116624000e+01
1.044860160037526420e+01
1.044144608238916838e+01
1.043426252067260585e+01
1.042708386384589758e+01
1.044029840090473193e+01
1.043714972655119588e+01
1.043056214958050809e+01
1.042369645001081579e+01
1.041664054426645336e+01
1.040951796535813756e+01
1.040225108587085501e+01
1.039495891192106392e+01
1.038766779751139602e+01
1.038045636991321530e+01
1.037319648220352342e+01
1.036595466483550609e+01
1.035871622293086247e+01
1.035161202478193765e+01
1.034452356617628865e+01
1.033748791549822599e+01
1.033044607290582384e+01
1.032348847198248620e+01
1.031653181253017415e+01
1.032827700080160938e+01
1.033499995816083583e+01
1.033014172021010779e+01
1.032453676561659961e+01
1.031836536219490696e+01
1.031188119074188059e+01
1.030519972843184640e+01
1.029852802754367502e+01
1.029183158073320214e+01
1.028498262007249764e+01
1.027816274467209468e+01
1.027134424509776878e+01
1.026450783109592280e+01
1.025770462614379497e+01
1.025093215169712124e+01
1.024421220512472352e+01
1.023742234410156016e+01
1.023062995058487168e+01
1.022390753661992591e+01
1.021718572568401484e+01
1.021053314869604733e+01
1.022672806141614821e+01
1.022125606688484645e+01
1.021497695355231450e+01
1.020838772516215798e+01
1.020178626538419486e+01
1.019502231449939345e+01
1.018821264910393509e+01
1.018141408039735829e+01
1.017468355693271320e+01
1.016798433716996541e+01
1.016131244336989248e+01
1.015463353954604386e+01
1.014799414575855074e+01
1.014132907586418320e+01
1.013476982374214508e+01
1.012825410916117086e+01
1.012176622392272662e+01
1.011534583097932583e+01
1.010887308072739899e+01
1.010244173242853982e+01
1.009603450395308144e+01
1.008965846063001592e+01
1.010634793121103669e+01
1.011225404841871267e+01
1.010645072590945581e+01
1.010033861953377077e+01
1.009402583097434203e+01
1.008759639015358900e+01
1.008113788192795113e+01
1.007459837142169512e+01
1.006800187893001919e+01
1.006143502614085250e+01
1.005494011251219710e+01
1.004849553479484570e+01
1.004204797301643026e+01
1.003571247180753545e+01
1.002940756802474276e+01
1.002312193215608538e+01
1.001686172157335442e+01
1.001061444208859363e+01
1.000434607635895823e+01
9.998260543723775484e+00
9.992102412433210290e+00
9.986008912628875578e+00
9.979892984268488476e+00
9.973762406943428971e+00
9.967655510538673269e+00
9.961546696964719061e+00
9.955506648865338093e+00
9.949448494871180770e+00
9.943351693394175683e+00
9.937330307097044013e+00
9.931434110186524222e+00
9.940510162203967326e+00
9.945448966103850097e+00
9.940368683676613415e+00
9.934818097095496015e+00
9.928972613423894700e+00
9.923011178135139332e+00
9.916930823126765659e+00
9.910821541006296087e+00
9.904718779468588252e+00
9.898522266053440433e+00
9.892433145925286553e+00
9.886287836697105647e+00
9.880193756806900041e+00
9.874087967093201357e+00
9.868033532726068202e+00
9.862046117508864285e+00
9.856124149997024020e+00
9.850194707728723742e+00
9.844316139758772621e+00
9.838422228911781531e+00
9.832591160037097211e+00
9.826745433422036768e+00
9.820861091315119751e+00
9.815057329177390599e+00
9.809340318984745011e+00
9.803545969559865014e+00
9.797813862911931793e+00
9.792009435029354947e+00
9.786232182567708549e+00
9.790885240808908208e+00
9.792441035119079373e+00
9.789942577077033192e+00
9.784503876211553930e+00
9.778887517528769280e+00
9.773144608056572480e+00
9.767300310072160485e+00
9.761420863611009580e+00
9.755534963490353206e+00
9.749614820283715844e+00
9.743789445496030766e+00
9.737942232295813128e+00
9.732074103732555770e+00
9.726289477442206177e+00
9.720575863440384268e+00
9.714886714948104185e+00
9.709275219388400657e+00
9.703620340702077129e+00
9.697983630528089094e+00
9.692475208350948890e+00
9.686952448312329267e+00
9.681460553269038982e+00
9.675927867715799380e+00
9.670445973490599201e+00
9.664945568931322839e+00
9.659483849516478315e+00
9.653991565802558128e+00
9.648537236676720141e+00
9.643086369104725719e+00
9.637675071428697393e+00
9.632243106980624248e+00
9.626864564001635927e+00
9.621474023407076359e+00
9.616137804318919180e+00
9.610742159448665944e+00
9.605404315351691480e+00
9.600106331986362207e+00
9.619335530089388797e+00
9.615258078404329112e+00
9.610561411536053811e+00
9.605519156230197808e+00
9.600301583244576165e+00
9.595012573279266377e+00
9.589604543157266292e+00
9.584178282132318927e+00
9.578692928602816181e+00
9.573184922137901509e+00
9.567699299441635219e+00
9.562218238794050862e+00
9.556767560621219459e+00
9.551313407337863381e+00
9.545919501655536266e+00
9.540558199677180440e+00
9.535256214693680121e+00
9.529966343451565791e+00
9.524646555375317902e+00
9.519334355764454969e+00
9.514053846921894930e+00
9.508832373833758567e+00
9.503647251834582477e+00
9.498501377232875242e+00
9.493305189853840531e+00
9.488149701987815376e+00
9.483045553252042126e+00
9.478006627563667408e+00
9.472924267169648971e+00
9.467885045775489061e+00
9.462909191784751428e+00
9.457935538536542452e+00
9.452908209113248361e+00
9.447860484378567847e+00
9.442834594130154358e+00
9.437852622103291012e+00
9.432821562493325374e+00
9.452492642325561079e+00
9.450917226585401565e+00
9.446623013347631215e+00
9.441927570825992433e+00
9.437053033312555073e+00
9.432028271875704917e+00
9.426894846579880749e+00
9.421743711698498558e+00
9.416577345281408995e+00
9.411438467933706420e+00
9.406234674522075068e+00
9.401090431283986248e+00
9.395972942709517994e+00
9.390943453048683054e+00
9.385940456708658175e+00
9.380865486291153132e+00
9.375754309076965498e+00
9.370761768480743825e+00
9.365824405057420421e+00
9.360887179286896398e+00
9.355935108641434184e+00
9.350971738044636439e+00
9.346102438534245493e+00
9.341197617529280350e+00
9.336279161764593937e+00
9.331380452859351138e+00
9.326509589781974086e+00
9.321713563631403687e+00
9.316844621288662864e+00
9.312033751818537652e+00
9.307240292220329891e+00
9.302435609442687436e+00
9.297667234582350559e+00
9.292904243343405923e+00
9.288204854343819150e+00
9.283480323643772181e+00
9.278812508427199290e+00
9.274145474182263982e+00
9.269433970143026613e+00
9.264689727437854572e+00
9.260005859900751091e+00
9.255368514529855872e+00
9.250729189193579671e+00
9.246135670481134383e+00
9.241469690967319295e+00
9.236860997904933868e+00
9.232238875920227628e+00
9.227616862116446939e+00
9.223064150257721749e+00
9.218562910937146526e+00
9.214079631838602680e+00
9.209499699928656469e+00
9.204977604209704012e+00
9.200481263433244905e+00
9.195983789435947742e+00
9.191500638423686809e+00
9.187070085412290865e+00
9.182626198006504481e+00
9.178127819369539253e+00
9.173699061817520928e+00
9.169243993733537934e+00
9.164907227431156045e+00
9.181813722079697371e+00
9.183530251406308409e+00
9.180600393989024610e+00
9.177070686063359517e+00
9.173172162897504478e+00
9.169067191890714952e+00
9.164870120529693409e+00
9.160597433923344468e+00
9.156217202720483783e+00
9.151735624720489071e+00
9.147174193518848639e+00
9.142563118702172531e+00
9.137917030799279416e+00
9.133275313825619079e+00
9.128594516838813178e+00
9.123958162638277969e+00
9.119363592918400485e+00
9.114681962788976577e+00
9.110050859464591255e+00
9.105456678218448729e+00
9.100962317572886207e+00
9.096473883371430702e+00
9.092060665980145728e+00
9.087633669316895535e+00
9.083133605829946333e+00
9.078751818427674536e+00
9.074325166347122718e+00
9.069908457893445686e+00
9.065439140868706502e+00
9.061031259439973340e+00
9.056692097874815772e+00
9.052313731085417814e+00
9.072264725699898946e+00
9.074235274762788350e+00
9.071080458370571975e+00
9.068500263320357746e+00
9.064832728731786915e+00
9.060906416481644854e+00
9.056728398144374026e+00
9.052377931697478175e+00
9.047950430526482180e+00
9.043456983323284959e+00
9.038942224882875465e+00
9.034485719437647333e+00
9.030032687089891041e+00
9.025534392677839080e+00
9.021079109827089937e+00
9.016616394235136056e+00
9.012182921205088348e+00
9.007745433897909493e+00
9.003402414336829196e+00
8.999043966053610788e+00
8.994707847801196365e+00
8.990469163845437706e+00
8.986176533886286677e+00
8.981956603584851706e+00
8.977654263994296002e+00
8.973400513911677479e+00
8.969196595196034849e+00
8.964992054883182959e+00
8.960720585257872628e+00
8.956541350984752015e+00
8.952378390211135795e+00
8.948179071565272480e+00
8.944007041547923365e+00
8.939852069440377136e+00
8.935784982855839331e+00
8.931681438349370339e+00
8.927565847648571307e+00
8.923468106997717086e+00
8.919369401809328579e+00
8.915314773117650304e+00
8.911223585041280870e+00
8.907167799198987268e+00
8.903206935945211953e+00
8.899149309177664335e+00
8.895135351904890797e+00
8.891089818359525054e+00
8.887023544712876699e+00
8.882990592611930580e+00
8.878979770065292598e+00
8.875003649361365987e+00
8.871028225336988982e+00
8.867082752714498639e+00
8.863205962977378505e+00
8.859293133494608341e+00
8.855479365507607170e+00
8.851711676717355815e+00
8.847890980412518758e+00
8.844084666348054569e+00
8.840269366646777982e+00
8.836408800773638106e+00
8.832583106850126597e+00
8.828734251486642037e+00
8.824895287578232939e+00
8.821089024308040649e+00
8.817261730385022034e+00
8.813411939918132987e+00
8.830043529263422286e+00
8.834203433369273384e+00
8.830886956235637797e+00
8.827359957251088574e+00
8.823609443643373851e+00
8.819789546512874168e+00
8.815848668957755763e+00
8.811827554355419423e+00
8.807838354909668155e+00
8.803801461455192268e+00
8.799724864460282348e+00
8.795673273638962897e+00
8.791554265028018733e+00
8.787482323242146620e+00
8.783484345807485383e+00
8.779486840653810020e+00
8.775500781708585052e+00
8.771497996062347369e+00
8.767525288608213785e+00
8.763622786631064088e+00
8.759713030483650797e+00
8.755890782317349519e+00
8.751960591650396637e+00
8.748070790772082717e+00
8.744200839505886336e+00
8.740298160303076713e+00
8.736414438675071281e+00
8.732531615879356224e+00
8.728674498899549050e+00
8.724817035134524446e+00
8.720987702912715633e+00
8.717178896058896953e+00
8.713378420447234873e+00
8.709588900112732901e+00
8.705801100409511051e+00
8.702017838201911104e+00
8.698189778082433321e+00
8.694443962785646463e+00
8.690671920148716367e+00
8.686913969687060089e+00
8.683149087933596633e+00
8.679374448580723822e+00
8.675595472080459558e+00
8.671901976839619053e+00
8.668149090700403292e+00
8.684502441250065985e+00
8.687112917211608831e+00
8.684245760915693779e+00
8.680997658517568993e+00
8.677529586255507965e+00
8.673934771711319769e+00
8.670286558515755360e+00
8.666561138431557509e+00
8.662733677777170627e+00
8.658941407723718342e+00
8.655124063347294339e+00
8.651326125849939430e+00
8.647475188587685935e+00
8.643657677632267777e+00
8.639817010001150877e+00
8.636082031730671460e+00
8.632311708548677132e+00
8.628566324779029628e+00
8.624870080776672054e+00
8.621137576847804240e+00
8.617457236986519220e+00
8.613743442702585185e+00
8.610057570278241812e+00
8.606348126658089015e+00
8.602678836136332663e+00
8.599014699181028121e+00
8.595359050692035652e+00
8.591713313236450489e+00
8.588114438763593483e+00
8.584490350673751990e+00
8.580915117830187455e+00
8.581264844865092556e+00
8.596234064758409232e+00
8.613194937942909135e+00
8.612316051642093129e+00
8.610705173874309892e+00
8.608770113989395512e+00
8.606413241666993841e+00
8.603891097857795600e+00
8.601331360989071584e+00
8.598439692087342934e+00
8.595446790548862737e+00
8.617574684895579651e+00
8.617058602145403867e+00
8.616336084265507012e+00
8.614601194456209754e+00
8.612479244445696125e+00
8.610165297947894203e+00
8.607756968376582662e+00
8.605389121374791728e+00
8.602779625708558697e+00
8.600153902284219498e+00
8.597382199335283914e+00
8.594452333033748559e+00
8.591465471870986192e+00
8.588414886406914306e+00
8.585366584797002432e+00
8.582218258715984760e+00
8.579059517069431706e+00
8.575879305640517813e+00
8.572596864144372830e+00
8.569278738784460003e+00
8.565832116561377774e+00
8.562388951772414103e+00
8.558899503251923946e+00
8.555396032268756557e+00
8.551911222778691979e+00
8.548450837410539904e+00
8.545042763442774358e+00
8.541506211293768303e+00
8.537983355160839949e+00
8.534473235796005142e+00
8.530993461036075587e+00
8.527557195404989798e+00
8.524100105764057744e+00
8.520636481834225506e+00
8.517165559535404995e+00
8.513720860368920285e+00
8.510297859489702077e+00
8.506868691810915095e+00
8.503428337553327054e+00
8.500002590276341863e+00
8.496583874703629746e+00
8.493163480266241905e+00
8.489731313290365122e+00
8.486336729787444355e+00
8.482930468787941436e+00
8.479522440719971854e+00
8.476134450173798740e+00
8.472792937041711880e+00
8.477493847933235571e+00
8.489193588914160316e+00
8.486644447611752184e+00
8.483572680895603568e+00
8.480382249262676808e+00
8.477022936391184871e+00
8.473610872074763378e+00
8.470148792266812166e+00
8.466653473009916553e+00
8.463157616410915907e+00
8.459653767979348871e+00
8.456158576101238111e+00
8.452672428938056370e+00
8.449168486016631618e+00
8.445710729035786457e+00
8.442288460210427559e+00
8.438863969107030627e+00
8.435445350040879475e+00
8.432051233550222236e+00
8.428722118585607603e+00
8.425427562779981727e+00
8.422118409950018147e+00
8.418771121112493816e+00
8.415454296807853396e+00
8.412224378861630214e+00
8.419167203627887730e+00
8.424192430955256938e+00
8.421841406555293119e+00
8.418865781895165767e+00
8.415788818670044691e+00
8.412665011630448220e+00
8.409400819876244881e+00
8.406112090488251809e+00
8.402775666446466118e+00
8.399428001600986349e+00
8.396073732542689072e+00
8.392690261526619011e+00
8.390181378328515294e+00
8.391233572596235035e+00
8.397860581620015807e+00
8.400237294442774783e+00
8.397837132956764705e+00
8.395528769569027716e+00
8.393748711635074855e+00
8.391085261338728785e+00
8.388102393569424109e+00
8.385376225626011149e+00
8.382195579589826195e+00
8.378904832844355610e+00
8.375589544537801245e+00
8.372273479371042271e+00
8.368950267832358847e+00
8.365640781195356368e+00
8.362335402502198534e+00
8.359083936922637292e+00
8.355844898322986936e+00
8.352637019420681597e+00
8.349423220391214429e+00
8.346209994781261798e+00
8.343051351959383410e+00
8.339864249849693323e+00
8.336699230787903758e+00
8.333553985055043967e+00
8.330408862304111040e+00
8.327218017047412602e+00
8.324051217350019627e+00
8.320934131550375312e+00
8.317792964920649013e+00
8.314702710146979925e+00
8.311564349320855527e+00
8.308421035233305219e+00
8.305286441131062958e+00
8.302139804929993261e+00
8.299101338031608321e+00
8.304661675249970898e+00
8.309419579257101063e+00
8.315923803865539199e+00
8.316624950439461372e+00
8.313981081152581609e+00
8.311164534818129113e+00
8.308309470781454209e+00
8.305323623250089327e+00
8.302351624068394997e+00
8.299263488501896546e+00
8.296248615784051594e+00
8.293153957985635927e+00
8.290039911626109870e+00
8.286901104792757877e+00
8.283767605637262221e+00
8.280592166402662713e+00
8.277425812513351744e+00
8.274275020737544395e+00
8.271153718494080209e+00
8.268048071709023006e+00
8.264933461417486527e+00
8.261816662501800579e+00
8.258743213095524283e+00
8.255700008985776606e+00
8.252714758742323298e+00
8.249654938053286202e+00
8.246616157545304304e+00
8.243612822763070724e+00
8.240622762944724400e+00
8.237611996940424675e+00
8.234583535945061428e+00
8.231539440646180594e+00
8.228533491634440367e+00
8.225540414244395748e+00
8.222569426608401955e+00
8.219580698627188653e+00
8.216608552318310998e+00
8.213611429860506519e+00
8.210633069546977580e+00
8.207668635962914294e+00
8.204725663180763462e+00
8.201742096849770292e+00
8.198731609476014981e+00
8.195798060765921988e+00
8.192834579928184979e+00
8.189902626904233429e+00
8.186936722021574298e+00
8.184008088532831238e+00
8.181111472521980232e+00
8.178190545065021411e+00
8.175276116993201114e+00
8.172362369199243304e+00
8.169515057290364979e+00
8.166667879403915364e+00
8.163878094498830507e+00
8.161074107589646687e+00
8.158246762377080685e+00
8.168664687626673526e+00
8.172260379131504493e+00
8.170115184751786330e+00
8.167525466314861760e+00
8.164827552208423711e+00
8.162042912374628756e+00
8.159167789751299082e+00
8.156188170829430817e+00
8.153243942642102837e+00
8.150302318907971966e+00
8.147303218932652413e+00
8.144279773772405306e+00
8.141285297395587151e+00
8.138293489342050435e+00
8.135313401127973520e+00
8.132350710666667482e+00
8.129406947125533023e+00
8.126465743699419875e+00
8.123540317092254881e+00
8.120647084032475149e+00
8.117750440772955045e+00
8.114867332155048629e+00
8.111992885354093019e+00
8.109135558455385251e+00
8.106278320428604189e+00
8.103412451470811462e+00
8.100563195911986369e+00
8.097691277806312371e+00
8.094837587730562944e+00
8.092001146379494969e+00
8.089186651926477012e+00
8.109232096053299088e+00
8.120453792724379838e+00
8.121444941292876862e+00
8.121880846488849670e+00
8.121606358659049008e+00
8.120758258323752088e+00
8.119611418595173546e+00
8.118540856228912972e+00
8.117032927532582320e+00
8.115326173766289841e+00
8.113677400210011825e+00
8.111876709941411079e+00
8.109909349549290880e+00
8.107923896763912452e+00
8.105749151161179000e+00
8.103608518811675765e+00
8.102456619504383895e+00
8.107956550613675262e+00
8.105814306327616237e+00
8.103462582493850874e+00
8.101030409864566906e+00
8.098518362910533952e+00
8.095882690615429311e+00
8.093257925518249962e+00
8.090575055245958325e+00
8.087849055194302750e+00
8.085115101973000762e+00
8.082325747093465296e+00
8.079514594752387424e+00
8.076742343057764728e+00
8.073986660238780644e+00
8.071210336670258556e+00
8.068422877927776682e+00
8.065664581218035423e+00
8.062878033880005901e+00
8.060125211692881209e+00
8.057424344653158599e+00
8.054673623720853826e+00
8.051927938591811440e+00
8.049215285161292144e+00
8.046491825551717270e+00
8.043782107045567287e+00
8.041052038048697170e+00
8.038352169045626994e+00
8.035693206431970381e+00
8.032985170404232989e+00
8.030302002276870965e+00
8.038213248898372854e+00
8.041234839510343235e+00
8.039743712920731866e+00
8.037841085820399911e+00
8.035678263359130824e+00
8.033556261931865450e+00
8.031206270462689645e+00
8.028725450000479213e+00
8.026230631462526688e+00
8.023715657638778254e+00
8.021170586031020733e+00
8.018555879364928529e+00
8.015905600678626897e+00
8.013269967010989703e+00
8.017983747696714403e+00
8.016150826573557708e+00
8.013847209111014891e+00
8.011431644817147202e+00
8.008865390521856753e+00
8.006293961086230482e+00
8.003626930574000653e+00
8.000938204593319725e+00
7.998212978748933999e+00
7.995517217698806967e+00
7.992804327540943277e+00
7.990074540534884306e+00
7.987378622570290965e+00
7.984662041403222332e+00
7.981973243634675086e+00
7.979306758343793327e+00
7.976662201425548382e+00
7.974022499040986034e+00
7.971379820461405252e+00
7.968798720367829880e+00
7.966184687212536808e+00
7.963579441935740633e+00
7.960948015768996910e+00
7.958358372387117186e+00
7.955803912918023357e+00
7.953236085098195574e+00
7.950628982842609105e+00
7.948065792939922325e+00
7.945517357314146878e+00
7.942998410000475573e+00
7.945970515620887298e+00
7.949549954167448362e+00
7.947957943584345486e+00
7.946271771497086966e+00
7.944166676396585025e+00
7.942059289548576650e+00
7.939503512292182208e+00
7.936899268733195179e+00
7.934266258770062308e+00
7.931568341276618916e+00
7.928881976289391176e+00
7.926165263974565889e+00
7.923479246476632376e+00
7.920790663498078032e+00
7.918105258879720054e+00
7.915481187676601138e+00
7.912854345199824557e+00
7.910306549517440722e+00
7.907750720937302802e+00
7.905196588822041903e+00
7.902616049694007216e+00
7.900042936492003953e+00
7.897483447630744280e+00
7.894992868784797224e+00
7.892451958020530789e+00
7.889976930369883235e+00
7.887499373923139601e+00
7.884999577470988896e+00
7.882487136052383825e+00
7.881035532366713170e+00
7.889155009694111875e+00
7.891742033935728706e+00
7.890297739708383773e+00
7.888398640768820691e+00
7.886318755337329733e+00
7.884168346352813828e+00
7.881901178952579023e+00
7.879577919629936922e+00
7.877183668399059258e+00
7.874743765815381380e+00
7.872288675488887222e+00
7.869817428882748267e+00
7.867275669956342199e+00
7.864767590200909098e+00
7.862195080724644569e+00
7.859644729491173543e+00
7.857134724181554120e+00
7.854616569335533427e+00
7.852060229157725502e+00
7.849576505249777014e+00
7.847080474909478021e+00
7.844604986185875539e+00
7.842138081823017082e+00
7.839695723041950615e+00
7.837283359423902418e+00
7.834869699916932717e+00
7.832481480003384178e+00
7.830041726685869286e+00
7.827634877084924447e+00
7.825224970579601091e+00
7.822824429301558524e+00
7.820418933918222848e+00
7.817994962996430708e+00
7.815569478594760255e+00
7.813177738845523024e+00
7.810789445324951785e+00
7.808438057495419748e+00
7.806069469466868860e+00
7.803740486584330505e+00
7.801352251845964147e+00
7.798964163319511478e+00
7.796576235427402857e+00
7.794258107434520078e+00
7.791895431464421762e+00
7.789538363367839224e+00
7.787211205545685466e+00
7.784868588720645910e+00
7.782572588075463926e+00
7.780329525616410002e+00
7.778136510737599707e+00
7.775913488242058413e+00
7.773676846847737743e+00
7.771427608626664707e+00
7.769136084390361852e+00
7.766841762808180505e+00
7.764524766199169648e+00
7.762247715785537849e+00
7.759872048080296736e+00
7.757586812951246635e+00
7.755266617404082297e+00
7.753001752973347926e+00
7.750782602502359175e+00
7.748500772081568400e+00
7.746233364257036236e+00
7.743976198019011825e+00
7.741778319815911580e+00
7.739629174034083015e+00
7.749907742284128709e+00
7.979750997494362785e+00
7.983312180435839345e+00
7.986048989373007778e+00
7.988053070501984543e+00
7.989435836544957148e+00
7.990495909729606439e+00
7.991282099192161148e+00
7.991753797701205642e+00
7.992106152548164921e+00
7.992236974373121861e+00
7.992673164811366249e+00
7.992724678711240038e+00
7.992470847078436691e+00
7.992197246392084509e+00
7.997541191521277959e+00
7.998124131988562979e+00
7.997463748502313230e+00
7.996795925322190079e+00
7.995922125010133108e+00
7.995107202305087313e+00
7.994314196757468238e+00
7.993257903520238905e+00
7.992039728544905408e+00
7.990683151814585550e+00
7.989394117542453877e+00
7.987768656145983748e+00
7.986038931778126404e+00
7.984413281288418318e+00
7.982681624139415177e+00
7.980776772310023581e+00
7.978784721016106474e+00
7.976684269100160485e+00
7.974538461321882821e+00
7.972291056017627220e+00
7.969950797401358145e+00
7.967602364265547799e+00
7.965240644801204972e+00
7.962832118897794409e+00
7.960397407823214699e+00
7.958000594790434867e+00
7.955584226678487525e+00
7.953156918436881995e+00
7.950721944046038381e+00
7.948318966094568339e+00
7.945899703869294228e+00
7.943582529208447873e+00
7.941234065937774922e+00
7.938827149212339229e+00
7.936381947524258962e+00
7.933978796489902230e+00
7.931593574136400981e+00
7.929223341558775395e+00
7.926870996268886138e+00
7.924535021447344008e+00
7.922202402867938531e+00
7.919821446398095155e+00
7.917449741370018224e+00
7.915098895868041495e+00
7.912745847015575151e+00
7.910429279885162757e+00
7.908098733574484562e+00
7.905813101707416912e+00
7.903488077278372437e+00
7.901218013273497043e+00
7.898955674792379256e+00
7.896662499335790564e+00
7.894376888238115342e+00
7.892114994608105505e+00
7.889869232925194709e+00
7.887646648504007985e+00
7.885432477436107312e+00
7.883148848220540295e+00
7.880871321641685689e+00
7.878646981938414839e+00
7.876389759315329364e+00
7.874101179377675841e+00
7.871848173173637164e+00
7.884005766384524883e+00
7.883966681372892360e+00
7.883044916281051862e+00
7.881778429128965868e+00
7.880496976071992954e+00
7.878876791965032211e+00
7.877187363001609377e+00
7.875349447419868198e+00
7.873422889103156130e+00
7.871411771668261004e+00
7.869384818568607720e+00
7.867309905468697906e+00
7.865211238146865291e+00
7.863002662313583357e+00
7.860757205573928097e+00
7.858448821459391276e+00
7.856184063011174779e+00
7.853855821193938880e+00
7.851510984468425214e+00
7.849173044133697985e+00
7.846843629375229057e+00
7.844500855628798952e+00
7.842257234649489206e+00
7.839930519392114050e+00
7.837636416700537012e+00
7.835345770569492885e+00
7.833062264927821872e+00
7.830793383195782553e+00
7.828547123090162430e+00
7.826313304619707978e+00
7.824036915090205824e+00
7.821766481129936111e+00
7.819525043845570345e+00
7.817252890612788718e+00
7.815019634476962906e+00
7.812820501238969761e+00
7.810606106000896887e+00
7.808375750580617058e+00
7.806107049618243643e+00
7.803848377634119871e+00
7.801658323230076242e+00
7.799485665089439301e+00
7.797281750911995601e+00
7.795058059078009194e+00
7.792859851083862033e+00
7.790659242056715783e+00
7.803300640231472407e+00
7.808244401017923941e+00
7.807781730135165077e+00
7.806689665493944830e+00
7.805267915092085396e+00
7.803714032650739263e+00
7.802114623039756225e+00
7.800316719102204921e+00
7.798453919244625610e+00
7.796628954623681551e+00
7.794705543786926150e+00
7.792775279037351233e+00
7.790732699546071949e+00
7.788743245833374296e+00
7.786706425377632357e+00
7.784602667681977728e+00
7.790032073547886959e+00
7.794757831193138031e+00
7.794143447270724501e+00
7.792588763013608144e+00
7.790848757126610735e+00
7.789178352045607490e+00
7.787330107765291665e+00
7.785897057309179026e+00
7.783937726861938522e+00
7.781813427475353429e+00
7.779639404335004116e+00
7.777441128166864281e+00
7.775217945488183346e+00
7.772987284471809311e+00
7.770746294561641676e+00
7.768520216739786655e+00
7.766306806104136484e+00
7.764092374220703086e+00
7.761890612121411515e+00
7.759676358200817248e+00
7.757501962893518233e+00
7.763681704139061779e+00
7.773275440499745947e+00
7.773326949766508065e+00
7.772736119021386614e+00
7.772064927960408376e+00
7.770757358104583901e+00
7.769483126217761715e+00
7.774872302657893641e+00
7.774519708005837693e+00
7.773525560208469187e+00
7.772128468551448677e+00
7.770606362048955162e+00
7.768926161675620889e+00
7.767208359103311643e+00
7.765439774366521775e+00
7.763578115623547937e+00
7.761673950592919091e+00
7.759780705201793083e+00
7.757810271862592977e+00
7.755809064015787513e+00
7.753751804935028247e+00
7.751658293911487974e+00
7.749577977842737830e+00
7.747484155943067385e+00
7.745367678423670910e+00
7.743232660568965642e+00
7.741098970362398468e+00
7.738970269407050573e+00
7.736825445262636158e+00
7.734684999735953248e+00
7.732543351269356435e+00
7.730403837007349566e+00
7.728295965994600891e+00
7.726170403399085451e+00
7.724078136981448850e+00
7.722966317147257342e+00
7.731637359096206197e+00
7.730732860224995839e+00
7.729427398546183881e+00
7.727836792775374164e+00
7.726158888873563946e+00
7.724285278035179836e+00
7.722396051266729344e+00
7.720413053738938380e+00
7.718396608217170218e+00
7.716356034376271822e+00
7.714271336710976534e+00
7.712176619099560426e+00
7.710058410539058826e+00
7.707958500773160360e+00
7.705824984946519685e+00
7.703715848010065592e+00
7.701624005904215586e+00
7.699508061323205865e+00
7.697421135668677472e+00
7.695327523296045413e+00
7.693248710425741876e+00
7.691204844958496878e+00
7.689140446034842036e+00
7.687116553259793150e+00
7.685036014704633267e+00
7.682982096220595025e+00
7.681013019390077190e+00
7.678994671317618703e+00
7.676914284799877031e+00
7.674888587652226590e+00
7.672835843179294457e+00
7.670771013245002656e+00
7.668708329728110229e+00
7.666647467419341666e+00
7.664610345045637985e+00
7.662565344172542758e+00
7.660504581189814921e+00
7.658466609166876715e+00
7.659769573201030468e+00
7.667192375646985525e+00
7.666227496247196349e+00
7.665000647475383566e+00
7.663610592463640181e+00
7.661823617644087037e+00
7.659881996402509330e+00
7.657908949190815662e+00
7.655895552334450294e+00
7.653862297260277892e+00
7.651799814666429000e+00
7.649732499753883808e+00
7.647620396941157139e+00
7.645525637975262967e+00
7.643410020726238763e+00
7.641335152114480778e+00
7.639254737425085651e+00
7.637182031713489749e+00
7.635145905023060564e+00
