4.290538326267478553e+00
4.029603082541990844e+00
3.938895313557490674e+00
3.820617809511938301e+00
3.724509178536030696e+00
3.662593222202124466e+00
3.622770929995836386e+00
3.541930477912492492e+00
3.488195924624848843e+00
3.427700271761243922e+00
3.365653338303685960e+00
3.316129933879936598e+00
3.271447540770679119e+00
3.260076718727816569e+00
3.244521520337433351e+00
3.190281761588655396e+00
3.154321720567279108e+00
3.117426350998100393e+00
3.106699099433958278e+00
3.052087238817973169e+00
3.012608593194588291e+00
3.003812945277708923e+00
2.995379425415438224e+00
2.972927396444899006e+00
2.956928666248483495e+00
2.924211389083996693e+00
2.889480471051090849e+00
2.856570456732431484e+00
2.825122382937065968e+00
2.794891552267819268e+00
2.806427182076102866e+00
2.795215037807333935e+00
2.777357375441614096e+00
2.751259843762996038e+00
2.721633904430389883e+00
2.698977414617051540e+00
2.673309186929497372e+00
2.652507340386091261e+00
2.661618855661989080e+00
2.647758356172555061e+00
2.623324181910109409e+00
2.598687922644893344e+00
2.578342488236164964e+00
2.557773401217645404e+00
2.536664773346986923e+00
2.538723411674600694e+00
2.532095848881454447e+00
2.517064825780870763e+00
2.497022899625406023e+00
2.479084499743088976e+00
2.461341393348797535e+00
2.442987942113871380e+00
2.424546064266105638e+00
2.409470510474482907e+00
2.412328982670172373e+00
2.401765902436256983e+00
2.386090514951407116e+00
2.367851864514110893e+00
2.352252218590935140e+00
2.335885350310928033e+00
2.319363797077864220e+00
2.306484809487759247e+00
2.293267681550577475e+00
2.282260013564525902e+00
2.284708520657674491e+00
2.273537209433390771e+00
2.258822478243854182e+00
2.243798311632754228e+00
2.231566067238313078e+00
2.217413049176769402e+00
2.205567462214176100e+00
2.201983806781647512e+00
2.196287640386406892e+00
2.195497668256122470e+00
2.183860858587192588e+00
2.174493258137505158e+00
2.161227690430092441e+00
2.149544890856851076e+00
2.136916974355924648e+00
2.125603202013389481e+00
2.114400003396084582e+00
2.107869631802015142e+00
2.103424706745006922e+00
2.093503376729080045e+00
2.082579772834741050e+00
2.070822128494892223e+00
2.060450589653670228e+00
2.050018399553529491e+00
2.039585513037274644e+00
2.030876413581665929e+00
2.021567407679490280e+00
2.011976434040536166e+00
2.003118247941007457e+00
1.993637797742638718e+00
1.993677356314555560e+00
1.984135362784556156e+00
1.974698533130001099e+00
1.964730268796381463e+00
1.954923658793675356e+00
1.948392179455716633e+00
1.941857778137519475e+00
1.933440273773374019e+00
1.927358948393781191e+00
1.918001874924524008e+00
1.909872466774241495e+00
1.900932908809502830e+00
1.891811844051727975e+00
1.882864430982114534e+00
1.874895982460877075e+00
1.868008028337730275e+00
1.860181050471388708e+00
1.852359304774227056e+00
1.844808205000691981e+00
1.841990030668720246e+00
1.837195699284880801e+00
1.831924342392258875e+00
1.824010395365561310e+00
1.815947848393770103e+00
1.807333019917893635e+00
1.799658215709609266e+00
1.791768798779917127e+00
1.784666955600294536e+00
1.777389370579540495e+00
1.770108779563897894e+00
1.763731408979128945e+00
1.757112177408913567e+00
1.750502963600724771e+00
1.743509976877107626e+00
1.737124742291990431e+00
1.730494693338959999e+00
1.723652188957647491e+00
1.717351937964646247e+00
1.716808259563838757e+00
1.710279864979587394e+00
1.703265594134588889e+00
1.696350773011383595e+00
1.692596417844156154e+00
1.686912904915862210e+00
1.680258569682769432e+00
1.673593806997768274e+00
1.666752873407590263e+00
1.660433678555269355e+00
1.654212593991314151e+00
1.648130223142965756e+00
1.642025657100425251e+00
1.636006034217543981e+00
1.630205697830566791e+00
1.624354265474332371e+00
1.618267728380250681e+00
1.612803675049138352e+00
1.607104946376004539e+00
1.601496139150084375e+00
1.595633821029224908e+00
1.589828816005428580e+00
1.585356527556176065e+00
1.584679886241987523e+00
1.580720272753047828e+00
1.575066302497252657e+00
1.569185273696223737e+00
1.563288621084077512e+00
1.557342137996946763e+00
1.551631035227616584e+00
1.545881130303629503e+00
1.540379227186029931e+00
1.535101604626507799e+00
1.529863705841375765e+00
1.524678456110009295e+00
1.519526846015372135e+00
1.514460485453182903e+00
1.516048072061492391e+00
1.511778612985715364e+00
1.506583947764041254e+00
1.501284325339087733e+00
1.496081525826760794e+00
1.491023529634892375e+00
1.485852738720712551e+00
1.480988382996861530e+00
1.476057047948275303e+00
1.471406177499356760e+00
1.466770489970794733e+00
1.462309068844472870e+00
1.457699638061963787e+00
1.453096790945278771e+00
1.448756749512145836e+00
1.444760841460826617e+00
1.444954953165648037e+00
1.441643437598206123e+00
1.437189001069811845e+00
1.432777695805974805e+00
1.428244996570359193e+00
1.423740141068356557e+00
1.419190945050266217e+00
1.414765127006191170e+00
1.410331249015206012e+00
1.406133299170144069e+00
1.402095233049071688e+00
1.400947028395135741e+00
1.397156745463542515e+00
1.392942107177937539e+00
1.388623314351566718e+00
1.384270734877360187e+00
1.380054753797980593e+00
1.375970630337680189e+00
1.371879494242127517e+00
1.368070578972804485e+00
1.364104173449313562e+00
1.360069388032286719e+00
1.356247745712702901e+00
1.352549423701286280e+00
1.348792715643119644e+00
1.344961825847524217e+00
1.341315693831551359e+00
1.337629572852296000e+00
1.333919565458783207e+00
1.330366251553240842e+00
1.327418055846156575e+00
1.327105525199862690e+00
1.324052785934437981e+00
1.320313020967901263e+00
1.316505734409088024e+00
1.312753626472610735e+00
1.308963905564080710e+00
1.305249846331858476e+00
1.301440755882198319e+00
1.297637351233725145e+00
1.294048360185554358e+00
1.290513011099238661e+00
1.287077818094752635e+00
1.283667996168508019e+00
1.280272111942957869e+00
1.276909829271697383e+00
1.273693239204410910e+00
1.272805290795029798e+00
1.271763539090894790e+00
1.268788518971942336e+00
1.265551925186108928e+00
1.262113250913806883e+00
1.258672121991263104e+00
1.255170380700664667e+00
1.251797687048906260e+00
1.248402059564456712e+00
1.245026160168456908e+00
1.241825945116631580e+00
1.238670942833824729e+00
1.235539570922884245e+00
1.232473097368751436e+00
1.229411871960529812e+00
1.226432774464736530e+00
1.223377229629071694e+00
1.220455437509180285e+00
1.217466644431222988e+00
1.214581080081593267e+00
1.211693130075025771e+00
1.208797118697517936e+00
1.205956676989288878e+00
1.203119664138761591e+00
1.200238088968354377e+00
1.197284059441052761e+00
1.194479184088559576e+00
1.191619136493272002e+00
1.188815866701793622e+00
1.186132478002945634e+00
1.183368051801634735e+00
1.181097266313853700e+00
1.180580571887802854e+00
1.178046787261399331e+00
1.175193698048561330e+00
1.172285180766696300e+00
1.169327757396961598e+00
1.166414083696363235e+00
1.163466007992151718e+00
1.160640832195499961e+00
1.157832016958483257e+00
1.155071570619758070e+00
1.152366577243499890e+00
1.149652323641687124e+00
1.147079779487961693e+00
1.144518499310963167e+00
1.141868820068667079e+00
1.141687268778764475e+00
1.139882077394142934e+00
1.137486323611139438e+00
1.134899787443395258e+00
1.132295970763218085e+00
1.129622698732366315e+00
1.126951146638542456e+00
1.124348717414046517e+00
1.121704798927073421e+00
1.119095722428830264e+00
1.116616520026320281e+00
1.114185540803557029e+00
1.111837082538143839e+00
1.109411299769334613e+00
1.107017367197654867e+00
1.104656982047690805e+00
1.102335892281927743e+00
1.100013862317810176e+00
1.097742489175648206e+00
1.095429297323596174e+00
1.093133387020442493e+00
1.091079138922166791e+00
1.092150547348922363e+00
1.090506792017034821e+00
1.088355915195117873e+00
1.086071349759044402e+00
1.083705961689361397e+00
1.081314666994340756e+00
1.078937325573299244e+00
1.076586137985238834e+00
1.074242424835517129e+00
1.071903917467939671e+00
1.069608452161164180e+00
1.067348951668711132e+00
1.065078957353039923e+00
1.062850659190207603e+00
1.060665925808252696e+00
1.058534974742374235e+00
1.056395837205840849e+00
1.054284672694359548e+00
1.052143788823374226e+00
1.050078326342103185e+00
1.048208826048605102e+00
1.046725137256814486e+00
1.046572707274516345e+00
1.044689525393539542e+00
1.042593916540611509e+00
1.040390849075748081e+00
1.038235410859928765e+00
1.036061947403848382e+00
1.033917774098494391e+00
1.031760874456338017e+00
1.029666186586512211e+00
1.027590138136548870e+00
1.025548094959145562e+00
1.023583693565808028e+00
1.021602417807703223e+00
1.019705976398906921e+00
1.017758469160396029e+00
1.015898087466162947e+00
1.014022011539740920e+00
1.012146202350080015e+00
1.010230463510529919e+00
1.008364721488093307e+00
1.006485316099871907e+00
1.004596856691753581e+00
1.002762927859875308e+00
1.002682989366223909e+00
1.001637326474996259e+00
9.999074140076998907e-01
9.979946691193585240e-01
9.960388333387247828e-01
9.940842281024581117e-01
9.920911227736035620e-01
9.901409119427470040e-01
9.881919256949553976e-01
9.862814541133791968e-01
9.844201072031922850e-01
9.825508184945185297e-01
9.807780955208351692e-01
9.790013752004660397e-01
9.772452571283863909e-01
9.755433966522435441e-01
9.738161962643453462e-01
9.721091452584180725e-01
9.703767491068305828e-01
9.686946228084889476e-01
9.670156861675444082e-01
9.653932403149173558e-01
9.637525150371111238e-01
9.620705921738573752e-01
9.604234963282484161e-01
9.587470860867916000e-01
9.571017443027584060e-01
9.554894187795524019e-01
9.538351267000425571e-01
9.521930395326184682e-01
9.505866641238063242e-01
9.489757113152770263e-01
9.473622970510726660e-01
9.457459378110003589e-01
9.441662865301655438e-01
9.431227114861475691e-01
9.431531207465594369e-01
9.417687156311127517e-01
9.402411756072018845e-01
9.386538543489044706e-01
9.370099274153611546e-01
9.353848147850970518e-01
9.337568949507940586e-01
9.321405351224091307e-01
9.305711384260757502e-01
9.290062281308090197e-01
9.274401908315728082e-01
9.258634110266523720e-01
9.243351778425931142e-01
9.228130727983530068e-01
9.213273252643465749e-01
9.198325125822890413e-01
9.183639982405193969e-01
9.168893590277440442e-01
9.154256743403763608e-01
9.139575621343773992e-01
9.124992367889558365e-01
9.110535099942355108e-01
9.095829599297734491e-01
9.081207370588014749e-01
9.066683428030503089e-01
9.052509901173378948e-01
9.038063767371306012e-01
9.023587274056156238e-01
9.009473691557708941e-01
8.995542408829473313e-01
8.981519511061077932e-01
8.967589108975515533e-01
8.953654487125670691e-01
8.939772761956168434e-01
8.925491953646155219e-01
8.922464342292673045e-01
8.916488849801421646e-01
8.903214624944697508e-01
8.888917690135214045e-01
8.874533281813741237e-01
8.859762998766838038e-01
8.844857302819857381e-01
8.829884454317770137e-01
8.815228592024014764e-01
8.800593907043308128e-01
8.786171843141361570e-01
8.771702225733800651e-01
8.757759563696353444e-01
8.743680781560976278e-01
8.730198228802077409e-01
8.716630936096610993e-01
8.703166076132700102e-01
8.690089481350313783e-01
8.676860705891547010e-01
8.664319544601214451e-01
8.651373574926642940e-01
8.638361422975507908e-01
8.625589987489954424e-01
8.612808037293457897e-01
8.599941516751264947e-01
8.587098630811521582e-01
8.574407189621117142e-01
8.562002011526140821e-01
8.549712335556158838e-01
8.537651202641932668e-01
8.525020478556647463e-01
8.512551099118996767e-01
8.500873361999708999e-01
8.502408635065556997e-01
8.491110295997180701e-01
8.478381612339662698e-01
8.465241940300832768e-01
8.451850473908589789e-01
8.438495767384188717e-01
8.425152613783272182e-01
8.411842071433754953e-01
8.398707624038102004e-01
8.385640014174488011e-01
8.372792249108733653e-01
8.360224040074448748e-01
8.347889769295621099e-01
8.335626268199547440e-01
8.323544663055192361e-01
8.311688094370182078e-01
8.300086281562001345e-01
8.288395961112244859e-01
8.276655308528708677e-01
8.265003424661110376e-01
8.253390711873098695e-01
8.258442883730707784e-01
8.249414915982412611e-01
8.238093055567085043e-01
8.226233461146672532e-01
8.213969174538625628e-01
8.201613685446421664e-01
8.189139457080308881e-01
8.176939075990025119e-01
8.164522714929468572e-01
8.152362297941204705e-01
8.140460750457952921e-01
8.128780930596067877e-01
8.117257590725998062e-01
8.105664353901596009e-01
8.094679349104275667e-01
8.083320337813282297e-01
8.072253582976430808e-01
8.061257948431466147e-01
8.050499282777309196e-01
8.039500179427434556e-01
8.028771051768281986e-01
8.018251407133160091e-01
8.007550252139009617e-01
7.996971509402301947e-01
7.986404916859732861e-01
7.976209499144641946e-01
7.965380914987031380e-01
7.955026679360108766e-01
7.944666118175515157e-01
7.934521123461674152e-01
7.936278489883286102e-01
7.936368443629244762e-01
7.931289481519958606e-01
7.922163794747679733e-01
7.912199390992299408e-01
7.901922112664973019e-01
7.891774128192098336e-01
7.881279411444013228e-01
7.870396293948661581e-01
7.859411055296010584e-01
7.848439760970542523e-01
7.837428494676073054e-01
7.826463465570867584e-01
7.815774651032015852e-01
7.805259083405046150e-01
7.794859049576728927e-01
7.784448070321399182e-01
7.774408734261823994e-01
7.764436345159329012e-01
7.754368271445504224e-01
7.744539399665167911e-01
7.734782706317726575e-01
7.725052963437043507e-01
7.715478335030917512e-01
7.706055325811144163e-01
7.696645303965504725e-01
7.687412569501825832e-01
7.678346844274797078e-01
7.668903339948327513e-01
7.659302826919662799e-01
7.649929380279296698e-01
7.640826543478733690e-01
7.631603943473970197e-01
7.622516666657911388e-01
7.628821275926939149e-01
7.625757942367805686e-01
7.618592520717593075e-01
7.610251905655693871e-01
7.601430502087573871e-01
7.592408501756718886e-01
7.583221149300629627e-01
7.573893796666210099e-01
7.564616468985022602e-01
7.555053817628062385e-01
7.545551269124507465e-01
7.536159227404235494e-01
7.526931284868949579e-01
7.517928984724714381e-01
7.508744009492124283e-01
7.499734043935591954e-01
7.490678906589599562e-01
7.481529753069903199e-01
7.472357185708489169e-01
7.463297313468449934e-01
7.454612521301694494e-01
7.445599441739036983e-01
7.437016182844298218e-01
7.428210842505910128e-01
7.419729127674576930e-01
7.411095914248545524e-01
7.402442451011068680e-01
7.393963517379195105e-01
7.385258905725273770e-01
7.376804073807612383e-01
7.368347247451407789e-01
7.370177443056793454e-01
7.365927205577164072e-01
7.358107533883869733e-01
7.349535236429861618e-01
7.340534420991280395e-01
7.331358455686165509e-01
7.322077849622109502e-01
7.312965723851480027e-01
7.303652956865731571e-01
7.294396707384549483e-01
7.285325169866739836e-01
7.276492009770245684e-01
7.267761924815899777e-01
7.259147510845133100e-01
7.250753321604110901e-01
7.242364397819832655e-01
7.234083513218969586e-01
7.225814714122931193e-01
7.217782486440960099e-01
7.209645313966206448e-01
7.201374691908623005e-01
7.193553260822552753e-01
7.185616806770722675e-01
7.177653271862763917e-01
7.169933760328451866e-01
7.162312134056323387e-01
7.154386560458457778e-01
7.146384581139055836e-01
7.138517168895087694e-01
7.130800249379264377e-01
7.123201345003356000e-01
7.115217805724707301e-01
7.118916498025225081e-01
7.118968858250679377e-01
7.114495548334786035e-01
7.108604284514653537e-01
7.102024711649117528e-01
7.095061512378030288e-01
7.087791621537666842e-01
7.080324407072300374e-01
7.072667010452697856e-01
7.064958952834454742e-01
7.057216272423769698e-01
7.049424736806358949e-01
7.041546758206884693e-01
7.033566411418137321e-01
7.025466400719428961e-01
7.017559359598336544e-01
7.009843951215699587e-01
7.001918819292315410e-01
6.994155482242851996e-01
6.986619331208095973e-01
6.978918178908019021e-01
6.971424425449578299e-01
6.963841559442648377e-01
6.956542047856563160e-01
6.949182753826708137e-01
6.941930372831924823e-01
6.934803780879210677e-01
6.927551037211521212e-01
6.920386634984408980e-01
6.913162928392391215e-01
6.912866866718819781e-01
6.911124880234602585e-01
6.905059167266689446e-01
6.897761698627858928e-01
6.890042319920234304e-01
6.882177949356641511e-01
6.874244643333555782e-01
6.866339219038238850e-01
6.858566599654446483e-01
6.850729334955637517e-01
6.843043311798208128e-01
6.835449141297925690e-01
6.828036003341263482e-01
6.820691499056134033e-01
6.813771053728215898e-01
6.806942989211175465e-01
6.799930238193909737e-01
6.793136289580624654e-01
6.786286758268693653e-01
6.779501151057029107e-01
6.772659713095632306e-01
6.765749664163693833e-01
6.759187074071261181e-01
6.752598850052701218e-01
6.745886615502966199e-01
6.739387904290765618e-01
6.741519753459722653e-01
6.740199441721013152e-01
6.734375584629127554e-01
6.727763644152501277e-01
6.720871467509147434e-01
6.713705420214326480e-01
6.706543371468802750e-01
6.699335575039018220e-01
6.692046159227160729e-01
6.684639657298692139e-01
6.677444055787683519e-01
6.670256273787000811e-01
6.663236976160540337e-01
6.656325496156288990e-01
6.649373976643845330e-01
6.642691504718742923e-01
6.636170959622027521e-01
6.629636072245513878e-01
6.623209870873528748e-01
6.616816334305664071e-01
6.610544244870034669e-01
6.604174653084984303e-01
6.597833210849139984e-01
6.591556872208578222e-01
6.585358362379910568e-01
6.579108754068672127e-01
6.572891253691061086e-01
6.566755097428148558e-01
6.560409046674799960e-01
6.554369901681877941e-01
6.548387763460887800e-01
6.542371788630164664e-01
6.545946455485248672e-01
6.545595581675666130e-01
6.540401332067345974e-01
6.534536610923962208e-01
6.528993475991019535e-01
6.527718761741401199e-01
6.521865131736926946e-01
6.515492913148916987e-01
6.509008285804896987e-01
6.502391959299634872e-01
6.495731994218071348e-01
6.489016583715201403e-01
6.482345991107284489e-01
6.475688722573386125e-01
6.469161137247646520e-01
6.462730700263736860e-01
6.456443574645598371e-01
6.450289522487459015e-01
6.444273278836946117e-01
6.438219819288412138e-01
6.432198423591610759e-01
6.426293471515771571e-01
6.420495092769534784e-01
6.414657365959649526e-01
6.408899348402785634e-01
6.403115326973508603e-01
6.397326384121932996e-01
6.391421479121665028e-01
6.385684678517548063e-01
6.380149300054140937e-01
6.374490882715743156e-01
6.368830770998246127e-01
6.363249730140159155e-01
6.357701035770522147e-01
6.351947678992739821e-01
6.346240934070479511e-01
6.340711706188935093e-01
6.335265500300547581e-01
6.329712902496381632e-01
6.324329348152744057e-01
6.319023541027284363e-01
6.313791157688997124e-01
6.308404390594746225e-01
6.303072009944610254e-01
6.297624656377682761e-01
6.292282047741938333e-01
6.287143801225396622e-01
6.282169152590673100e-01
6.277151484854092134e-01
6.272285474258297855e-01
6.267340763954508676e-01
6.262399025664149299e-01
6.257409717753686929e-01
6.252493350613863576e-01
6.247533563151432823e-01
6.242599440113419940e-01
6.237772862696868703e-01
6.232770471757810293e-01
6.227745912764242053e-01
6.222724964755271815e-01
6.226318984241088206e-01
6.224016389548395756e-01
6.219213116204052039e-01
6.213835191483154663e-01
6.208251347036214396e-01
6.202532187995147828e-01
6.196728823371606687e-01
6.190847107477766009e-01
6.184957613107081587e-01
6.179101809526253986e-01
6.173241239682890624e-01
6.167505023965980104e-01
6.161824146273192637e-01
6.156153802927936125e-01
6.150607101231615470e-01
6.145221852239329818e-01
6.139867300977475129e-01
6.134539625105578375e-01
6.129360466270747931e-01
6.124213306573860205e-01
6.119048450154358498e-01
6.113790023634337878e-01
6.108512009420294930e-01
6.103289907043577545e-01
6.098129094298493369e-01
6.093035422019476011e-01
6.087980316558960769e-01
6.082925754034909094e-01
6.077825585407147235e-01
6.072892602983336330e-01
6.075364641260210252e-01
6.075671045729085229e-01
6.072629169797325588e-01
6.068739762023380724e-01
6.064495581375858313e-01
6.059967128954140136e-01
6.060621023225123416e-01
6.058168268613705054e-01
6.053570333034561379e-01
6.048580370062074385e-01
6.043383973295952671e-01
6.037982339349488026e-01
6.032508776012754925e-01
6.027046765457975130e-01
6.021550104986853613e-01
6.016031645143504747e-01
6.010655270950449047e-01
6.005369646618023971e-01
6.000091050486674460e-01
5.994875407307453941e-01
5.989712419651825881e-01
5.984693268147169842e-01
5.979656225375294953e-01
5.974744812674929184e-01
5.969840155312824415e-01
5.964955397429085870e-01
5.960138759592595870e-01
5.955410584233747917e-01
5.950606274668506224e-01
5.945951441185461928e-01
5.948848696021189486e-01
5.945413977351413637e-01
5.941224857368200274e-01
5.936697026685882062e-01
5.937123172974837493e-01
5.935137103006117298e-01
5.930671307600045017e-01
5.925799109094254113e-01
5.920765894119279782e-01
5.915652009212267748e-01
5.910436151642693980e-01
5.905259464184666740e-01
5.900266972143490829e-01
5.895211737607359836e-01
5.890197356958403185e-01
5.885262637687621590e-01
5.880468865197179262e-01
5.875735312256029630e-01
5.871028999131798765e-01
5.866353753541919680e-01
5.861690886872310546e-01
5.857177037470043812e-01
5.852671892871812442e-01
5.848031974139957789e-01
5.843541962373317578e-01
5.839150813850513266e-01
5.834587171328291522e-01
5.830197653783868450e-01
5.825839444137509426e-01
5.821496465851416779e-01
5.817116557614924188e-01
5.812749602031567209e-01
5.808436117312734126e-01
5.803877107132962010e-01
5.799517282277754093e-01
5.795047051590442866e-01
5.790678471418899687e-01
5.786348328328856372e-01
5.781996529962187825e-01
5.777665486510920045e-01
5.773394507896274508e-01
5.769107717632384613e-01
5.764900321864434574e-01
5.760779714187355127e-01
5.756600651371406308e-01
5.752410644319303490e-01
5.748293391551119180e-01
5.744079743776647762e-01
5.739833764242454617e-01
5.735745273646085662e-01
5.731610985377694201e-01
5.727415788823634335e-01
5.723244823594656472e-01
5.719206527152642661e-01
5.715185391694385109e-01
5.711091873218273607e-01
5.707045040419428394e-01
5.703018484133554056e-01
5.699037628368858188e-01
5.695139772775051901e-01
5.691393023006316998e-01
5.687713303393350239e-01
5.684063365670869450e-01
5.680411052372859038e-01
5.676651511383646875e-01
5.672907669679023712e-01
5.669211558848484822e-01
5.665432285162893544e-01
5.661753589900290207e-01
5.658092373571178557e-01
5.654391263480067487e-01
5.658232505786968680e-01
5.655953018671314725e-01
5.652295567800552645e-01
5.648202870889742488e-01
5.643939527339549844e-01
5.639557347657960795e-01
5.635048029055037544e-01
5.630523715354798231e-01
5.625988135076388508e-01
5.621479617368781989e-01
5.617037144515897307e-01
5.612558108364024134e-01
5.608060060415810399e-01
5.603676444399565693e-01
5.599343127214354565e-01
5.595128983104080689e-01
5.590984290808579393e-01
5.586992980173917100e-01
5.582884967076404692e-01
5.578941445561562684e-01
5.574929874988180378e-01
5.570898095154933616e-01
5.566822760144475302e-01
5.562847456295245685e-01
5.558995623468923064e-01
5.555159461603447202e-01
5.551267685428470378e-01
5.547313700977158923e-01
5.550384806498344092e-01
5.548490044749780914e-01
5.545026519631004458e-01
5.541134057077421460e-01
5.537057469536450505e-01
5.532858833423595080e-01
5.528546089271257902e-01
5.524184765911445139e-01
5.519780704755132827e-01
5.515482384026093587e-01
5.511175230759123300e-01
5.506875113297963198e-01
5.502656843782303131e-01
5.498558042121566292e-01
5.494494900601153420e-01
5.490508579976829395e-01
5.486567318664061776e-01
5.482719936561267771e-01
5.478869015994444203e-01
5.477491285640387897e-01
5.482235626822407060e-01
5.480811257707395301e-01
5.478412942549838460e-01
5.475457303488552308e-01
5.472157931730566860e-01
5.468607406094794232e-01
5.464985095706643703e-01
5.461266278735590340e-01
5.457434059930600379e-01
5.453632394639542635e-01
5.449784196333320452e-01
5.445958446196035307e-01
5.442150917971046997e-01
5.438406989289606974e-01
5.434715708294655112e-01
5.430943784034769628e-01
5.427187269044351225e-01
5.423503238901852264e-01
5.419793876786401787e-01
5.416157381361360601e-01
5.419655701336080211e-01
5.417058532404390725e-01
5.413591707253534446e-01
5.409786258963705796e-01
5.405849537080725797e-01
5.401804085728725280e-01
5.397729891076499253e-01
5.393681166009813843e-01
5.389710310561091067e-01
5.385786139184285393e-01
5.381931001438140516e-01
5.378078026319771388e-01
5.374296886253429051e-01
5.370485892117831117e-01
5.366797655624748753e-01
5.363243972206710453e-01
5.359752394498352723e-01
5.356331688459221585e-01
5.352790138864265135e-01
5.349294948162943708e-01
5.345776175630855276e-01
5.342355184816192093e-01
5.345912073887355564e-01
5.346172408553231392e-01
5.343222457648946211e-01
5.339823719458051121e-01
5.336179312261744023e-01
5.332396297956354392e-01
5.328531161778585767e-01
5.324603538052312679e-01
5.320627303880851589e-01
5.316676656624494957e-01
5.312797084159234240e-01
5.309025312722429613e-01
5.305246135380842221e-01
5.301636361208322823e-01
5.298090587702808385e-01
5.294611271909214212e-01
5.291157567423006025e-01
5.287697649890189533e-01
5.284229232773292040e-01
5.281028645607716010e-01
5.277689149231538090e-01
5.274453713994923243e-01
5.271212543389111049e-01
5.267916583768936789e-01
5.264625590150000534e-01
5.261335663037719490e-01
5.258105185401164006e-01
5.254838925510558756e-01
5.251516148681628637e-01
5.248207917591296567e-01
5.245145091016221173e-01
5.247789299000971130e-01
5.248136757596495450e-01
5.245620321624273608e-01
5.242560083769046697e-01
5.239163259995670563e-01
5.235610463483859611e-01
5.231975520117564393e-01
5.228285880180673084e-01
5.224613645611941859e-01
5.220844584855106607e-01
5.217185276179047149e-01
5.213545218609452192e-01
5.209954870331907628e-01
5.206338177826478342e-01
5.202848194396860748e-01
5.199436491701961982e-01
5.196079392037087352e-01
5.192736900129180100e-01
5.189514174371608890e-01
5.186248197865229725e-01
5.183071528531874028e-01
5.179862240752761693e-01
5.176653398519277527e-01
5.173460442088246847e-01
5.170457776715645659e-01
5.167325832477853709e-01
5.164212223454310857e-01
5.161068686016831997e-01
5.157941928061930970e-01
5.158626521825808720e-01
5.158071212219536017e-01
5.156505558256841981e-01
5.153506008117914039e-01
5.150214636572654214e-01
5.146812120947547031e-01
5.143284002444096226e-01
5.139676563144547350e-01
5.136065471034105823e-01
5.132425190144057625e-01
5.128916943867969369e-01
5.125426498253653484e-01
5.121927056162144387e-01
5.118584755836639300e-01
5.115301703338341888e-01
5.112119657392122374e-01
5.108977965829211154e-01
5.105844340705025797e-01
5.102691091985729344e-01
5.099743919390429259e-01
5.096772858609308621e-01
5.093804975036334559e-01
5.090824577960664232e-01
5.087918011355675452e-01
5.084975031911892485e-01
5.082067041335471824e-01
5.079155061620969080e-01
5.076270580449617764e-01
5.073346298444468827e-01
5.070429240681627592e-01
5.067498462317675534e-01
5.064618008520970216e-01
5.061742737042927986e-01
5.058962515411323801e-01
5.056121900451274742e-01
5.053311140860612394e-01
5.050637027857475259e-01
5.055570406211238321e-01
5.053887255177683668e-01
5.051377959408551721e-01
5.048565295492757343e-01
5.045541832624037548e-01
5.042445763527452218e-01
5.039249824405315215e-01
5.036016254226433064e-01
5.032693002636604573e-01
5.029355599932466836e-01
5.026081082835157643e-01
5.022837841486261778e-01
5.019619794797919310e-01
5.016446757204354734e-01
5.013319960926715391e-01
5.010213578004505397e-01
5.007227042609503354e-01
5.004290202553826061e-01
5.001259309705083922e-01
4.998250204838192712e-01
4.995279576878741690e-01
4.992403878973362685e-01
4.989615784143029975e-01
4.986849813272136722e-01
4.984036496731706345e-01
4.981265005354381659e-01
4.978577976650098713e-01
4.975972185695007322e-01
4.973363255659158377e-01
4.970819458241927391e-01
4.968301271372108086e-01
4.965823515237550168e-01
4.963250392399660149e-01
4.960711928497755219e-01
4.958139397499451984e-01
4.955605516459428150e-01
4.952995945901844665e-01
4.957250793699359837e-01
4.956628495808971246e-01
4.954450238819970709e-01
4.951874122484927199e-01
4.949059198327796505e-01
4.946121648411068161e-01
4.943050346914377724e-01
4.939946612810683924e-01
4.936821386698354019e-01
4.933704666826682073e-01
4.930540862777941236e-01
4.927451806881312790e-01
4.924409420821150851e-01
4.921479240610155403e-01
4.918604391484189264e-01
4.915694930349211456e-01
4.912725591981511042e-01
4.909892941052516613e-01
4.907106866524974520e-01
4.904340603929468467e-01
4.901591735516732107e-01
4.898870434836160581e-01
4.896214417317796275e-01
4.893547224187831390e-01
4.890888391807527436e-01
4.888198294997497251e-01
4.885615915333418324e-01
4.883109203598084980e-01
4.880505225141939518e-01
4.877979507078504806e-01
4.875465530761469712e-01
4.872998322755310863e-01
4.870537185551709336e-01
4.868072343171490624e-01
4.865733262573936901e-01
4.863320964902811960e-01
4.860936690735026544e-01
4.858587606603925746e-01
4.856175251817798633e-01
4.853704422964011389e-01
4.851236732201660851e-01
4.848843418343165568e-01
4.846422001236393440e-01
4.844079619684104054e-01
4.841644817831605163e-01
4.839270250407728402e-01
4.836878725303450088e-01
4.834511715676747534e-01
4.832219873119653619e-01
4.829967715765948189e-01
4.827739839476797856e-01
4.825458852638456198e-01
4.823289008255466359e-01
4.821158132326123225e-01
4.819008129018335640e-01
4.816894142666126033e-01
4.814875209183230309e-01
4.812832025713978390e-01
4.810734054095828771e-01
4.808689027633836210e-01
4.806620316859787634e-01
4.804653382176238829e-01
4.809702681528229551e-01
4.811274710543588240e-01
4.810173359145660799e-01
4.808492766681504160e-01
4.806529572244085946e-01
4.804258166206192837e-01
4.801865229222210263e-01
4.799377934879082708e-01
4.796797323077912067e-01
4.794140560635959947e-01
4.791440224961134864e-01
4.788661444215790985e-01
4.785888685096907902e-01
4.783110614597478882e-01
4.780335340038887049e-01
4.777608263892805240e-01
4.774898867782892409e-01
4.772133947333799808e-01
4.769428421911676153e-01
4.766794098504987809e-01
4.764292639676327434e-01
4.761807780718794736e-01
4.759406265780800616e-01
4.757019066733019219e-01
4.754511013045322199e-01
4.752109740417506112e-01
4.749706006249124202e-01
4.747315815305261366e-01
4.744817814794567434e-01
4.742429008061460616e-01
4.740102878792153973e-01
4.737760552261250924e-01
4.742420986267983363e-01
4.742580387061661185e-01
4.740960287013951113e-01
4.739065293370896548e-01
4.736846266199102318e-01
4.734491841779646104e-01
4.731981433099672341e-01
4.729357378045306870e-01
4.726635533932693756e-01
4.723844628502692489e-01
4.721048197913600419e-01
4.718283036914655559e-01
4.715552114679059104e-01
4.712763900585077992e-01
4.710053001029722575e-01
4.707361245821073958e-01
4.704718748768690340e-01
4.702094946512087037e-01
4.699588812494946422e-01
4.697067296865551356e-01
4.694613294981588303e-01
4.692286770171354982e-01
4.689868665495031119e-01
4.687555775127971169e-01
4.685170697688507135e-01
4.682806983742558438e-01
4.680495807831648869e-01
4.678177718585601608e-01
4.675826833985604614e-01
4.673551818913714850e-01
4.671304568122606193e-01
4.669013805984994492e-01
4.666757699668273029e-01
4.664573435297861281e-01
4.662464991572687900e-01
4.660357110896788391e-01
4.658225516086823004e-01
4.656100227136946712e-01
4.653968286842741775e-01
4.651859615623645250e-01
4.649714238253397358e-01
4.647635133843102118e-01
4.645696146882609678e-01
4.643668470796822323e-01
4.641606933426787318e-01
4.639507390332969217e-01
4.637389878745731275e-01
4.635310434634696830e-01
4.633254725971137078e-01
4.631295125096299703e-01
4.629361186348002200e-01
4.627522989648723550e-01
4.625756219351836451e-01
4.624007010005447560e-01
4.622321164316488540e-01
4.620701928346767073e-01
4.619078221225346725e-01
4.617473433725730603e-01
4.615823966925512445e-01
4.614102726989337544e-01
4.612405704960750308e-01
4.610662825566784750e-01
4.608903885099757680e-01
4.607126055755904614e-01
4.605334631852388561e-01
4.603478029958802953e-01
4.607200666465008365e-01
4.608078367369485839e-01
4.606592671064271283e-01
4.604752979553920489e-01
4.602673043051365154e-01
4.600459180795769543e-01
4.598146303343674246e-01
4.595735754054721678e-01
4.593315896132513787e-01
4.590838779577061102e-01
4.588344640924885143e-01
4.585852820267490304e-01
4.583302905735193167e-01
4.580824133615062355e-01
4.578456575187344613e-01
4.576123859430292207e-01
4.573782240910341246e-01
4.571453536391063555e-01
4.569169835099052834e-01
4.566963294790087335e-01
4.564769360217822980e-01
4.562636124834416607e-01
4.560403516558059756e-01
4.558154077838428853e-01
4.555958197444745505e-01
4.553714957524073181e-01
4.551518720563501041e-01
4.549328680566709360e-01
4.547152226702048106e-01
4.545007079308702735e-01
4.542916396282673519e-01
4.540830459390330365e-01
4.538750583693208496e-01
4.536649873012881251e-01
4.534589460194927146e-01
4.532503071944464779e-01
4.530355200177851316e-01
4.528336537642318471e-01
4.526295211181167177e-01
4.524295644731541333e-01
4.522268535237521370e-01
4.520210269928505720e-01
4.518113350068005407e-01
4.516123574998675561e-01
4.514063742521015610e-01
4.518046998985287832e-01
4.518614288261375012e-01
4.517211150634258265e-01
4.515372678577316834e-01
4.513353452773500307e-01
4.511178359812044736e-01
4.508929054502969214e-01
4.506617576106047296e-01
4.504236470291697603e-01
4.501861970184937167e-01
4.499471558910730362e-01
4.497095095545147192e-01
4.494695631796901680e-01
4.492326931205938845e-01
4.489965449697924660e-01
4.487721733862723994e-01
4.485487552518710452e-01
4.483286161647286328e-01
4.481167129722542497e-01
4.478994081549707573e-01
4.476891195931543277e-01
4.474744087711038931e-01
4.472642064335281553e-01
4.470509246701195316e-01
4.468470875061010261e-01
4.466406136101320756e-01
4.464362274836463640e-01
4.462308377218572319e-01
4.460330671518672463e-01
4.458355695680557007e-01
4.456459151140409469e-01
4.455920496246429385e-01
4.459426453776692556e-01
4.463240822995374057e-01
4.463763835243946265e-01
4.463593340173418467e-01
4.462971677922809577e-01
4.462055647635260192e-01
4.460911936521100851e-01
4.459704090965727064e-01
4.458321190752196350e-01
4.456873386921095248e-01
4.463510696370167063e-01
4.464344123399024977e-01
4.464320433847133174e-01
4.463839279608511346e-01
4.462975511113305704e-01
4.461922882448208783e-01
4.460776349125438189e-01
4.459607642284448836e-01
4.458256221278696918e-01
4.456864852278438205e-01
4.455394811920261322e-01
4.453843534133316573e-01
4.452232561375199515e-01
4.450604017703135851e-01
4.448912081237036964e-01
4.447217019298509433e-01
4.445500778515308893e-01
4.443777933148890802e-01
4.441931932662717686e-01
4.440077417159451478e-01
4.438111841943551128e-01
4.436132518321156404e-01
4.434129998549570795e-01
4.432106927372451155e-01
4.430135970869093498e-01
4.428198306699318576e-01
4.426302228700451646e-01
4.424276901760983427e-01
4.422252904569245469e-01
4.420263592724993362e-01
4.418294206675243974e-01
4.416381127358534608e-01
4.414443348372690812e-01
4.412483484012070800e-01
4.410534664308022879e-01
4.408633437120193510e-01
4.406717342071412302e-01
4.404823288157252437e-01
4.402888435268045852e-01
4.400949192630813078e-01
4.399023286615267314e-01
4.397108631157409797e-01
4.395209450554116160e-01
4.393372689256999086e-01
4.391500503448828585e-01
4.389643918684235091e-01
4.387828015673300164e-01
4.386047817055278575e-01
4.386023233144106803e-01
4.388894270550333099e-01
4.387783914646188888e-01
4.386130707267408280e-01
4.384290820028404756e-01
4.382311275300368458e-01
4.380244443800674903e-01
4.378113827491773580e-01
4.375938824505989366e-01
4.373744074240436541e-01
4.371550113417121963e-01
4.369361310927332154e-01
4.367172755250045557e-01
4.364991311440227229e-01
4.362864413426773003e-01
4.360834190452095860e-01
4.358790405931245449e-01
4.356794677709633912e-01
4.354830575118679437e-01
4.352927528925485956e-01
4.351085087252553052e-01
4.349250294162050889e-01
4.347364695862228068e-01
4.345518207597652838e-01
4.343793323058646738e-01
4.345774563653469480e-01
4.346947446007611848e-01
4.345858263269415933e-01
4.344226046183830570e-01
4.342408944208565602e-01
4.340490702918190502e-01
4.338460986276596598e-01
4.336387661651053271e-01
4.334324409592874017e-01
4.332222168805520690e-01
4.330096494302858035e-01
4.327977478517380794e-01
4.326469778991484105e-01
4.326312750332942936e-01
4.328546510934229152e-01
4.328711410867701059e-01
4.327380404281294113e-01
4.325837369119013287e-01
4.324392325820515803e-01
4.322696994721875741e-01
4.320859828125744317e-01
4.319013088678974599e-01
4.317065040293814326e-01
4.315020742959540523e-01
4.312933387319873857e-01
4.310838655788234997e-01
4.308764938692105639e-01
4.306728028770163141e-01
4.304706570886856487e-01
4.302807391893858635e-01
4.300910782754662764e-01
4.299066633144928429e-01
4.297241047742860753e-01
4.295396203559921355e-01
4.293678855804736738e-01
4.291867028010868945e-01
4.290115672023396831e-01
4.288351607446184155e-01
4.286590814300367813e-01
4.284778585683953200e-01
4.282975315194631483e-01
4.281223474685889041e-01
4.279470891284410938e-01
4.277796209354841617e-01
4.276009864566235885e-01
4.274232405937918866e-01
4.272449566623816586e-01
4.270669456315875911e-01
4.269046787646798014e-01
4.271085995611553221e-01
4.271845272997745746e-01
4.272568925269552564e-01
4.272331737800528773e-01
4.270911214685918500e-01
4.269259928950336902e-01
4.267531790148617055e-01
4.265689106833752686e-01
4.263793704564504683e-01
4.261841379482630421e-01
4.259929456442710927e-01
4.257984430879178106e-01
4.256037263654492420e-01
4.254076363037928021e-01
4.252120309269831200e-01
4.250144556149261788e-01
4.248209011405614799e-01
4.246272681621283684e-01
4.244432348612096062e-01
4.242596281105810996e-01
4.240790114918346898e-01
4.239001852271996884e-01
4.237247420065691217e-01
4.235518498252909270e-01
4.233847341016764854e-01
4.232115996818875958e-01
4.230430239852962515e-01
4.228796189722625609e-01
4.227198723722587204e-01
4.225530224806330892e-01
4.223847126302002764e-01
4.222096773466576525e-01
4.220417867647764942e-01
4.218750003953335437e-01
4.217150494114438875e-01
4.215503352532094516e-01
4.213867028586384400e-01
4.212230586833851653e-01
4.210588095810263720e-01
4.208952872796846711e-01
4.207350169884961355e-01
4.205722504647830262e-01
4.204066141340033202e-01
4.202461982295044307e-01
4.200818344679118632e-01
4.199234866672902355e-01
4.197582038826973561e-01
4.195973911561663994e-01
4.194415863645973852e-01
4.192866742362872379e-01
4.191325305076035734e-01
4.189807097335285779e-01
4.188400140985206188e-01
4.186993271155373675e-01
4.185678920090155630e-01
4.184373405381531241e-01
4.182995298954679808e-01
4.185006779865132476e-01
4.185817365441457660e-01
4.184813137710906572e-01
4.183403982242259733e-01
4.181819050994928233e-01
4.180152002101155118e-01
4.178383984705891785e-01
4.176531605004386583e-01
4.174674882980162205e-01
4.172805921786339467e-01
4.170910072354273024e-01
4.168998544052360256e-01
4.167118304609419011e-01
4.165264809321891915e-01
4.163444882584025897e-01
4.161645346068570395e-01
4.159902696628753338e-01
4.158164633956338840e-01
4.156450122418275384e-01
4.154779885849183008e-01
4.153142316257641964e-01
4.151480621407466209e-01
4.149867624154905399e-01
4.148246036634121170e-01
4.146687986059150455e-01
4.145076058227933347e-01
4.143466999377456439e-01
4.141843456804954471e-01
4.140224887427395029e-01
4.138670632951614303e-01
4.137130855669626794e-01
4.138190674056432816e-01
4.144929177554953492e-01
4.146839610925722730e-01
4.147860453115876922e-01
4.148552218144020975e-01
4.148757227600878839e-01
4.148655993258272834e-01
4.148606825630213324e-01
4.148218112774385014e-01
4.147634975121567424e-01
4.147008555247103656e-01
4.146288522794634446e-01
4.145418713915012265e-01
4.144484555499936551e-01
4.143461793224734735e-01
4.142441877196955113e-01
4.141476063325479906e-01
4.143070076843858307e-01
4.142120281415876404e-01
4.140870769411219565e-01
4.139481837635144990e-01
4.137997672821801531e-01
4.136407663060454598e-01
4.134808580129326061e-01
4.133168505425502959e-01
4.131511676170803726e-01
4.129844738056467346e-01
4.128141853581114296e-01
4.126424545103032360e-01
4.124758474921146889e-01
4.123139014308142003e-01
4.121539501457157084e-01
4.119908561277504377e-01
4.118292931451936756e-01
4.116685898774320451e-01
4.115119758972103914e-01
4.113655671189675456e-01
4.112131509025109266e-01
4.110610359133914371e-01
4.109143481801825204e-01
4.107621457322267466e-01
4.106116576192366807e-01
4.104582853919130359e-01
4.103108225100204343e-01
4.101696658892898251e-01
4.100216118453181569e-01
4.098790825194683074e-01
4.100185739901413551e-01
4.102175315782694009e-01
4.101760989407021718e-01
4.100931070709272763e-01
4.099864166916141750e-01
4.098700761124018932e-01
4.097374658864364472e-01
4.095930421395424514e-01
4.094485187853702524e-01
4.093008011556670822e-01
4.091497918204806683e-01
4.089938185528702586e-01
4.088328026360014689e-01
4.086712211621297275e-01
4.088000080405341241e-01
4.087258813894357745e-01
4.086002320483981265e-01
4.084556557320042081e-01
4.082985600114337199e-01
4.081371456912598616e-01
4.079685609676685365e-01
4.077995387081778111e-01
4.076272897543924967e-01
4.074595203042458147e-01
4.072917892036958531e-01
4.071234370978371597e-01
4.069613799341064708e-01
4.067992455880161118e-01
4.066406084936584064e-01
4.064894572231519398e-01
4.063399241031953601e-01
4.061892616530415334e-01
4.060369858466508219e-01
4.058944972036988563e-01
4.057464704911568631e-01
4.055985466725999244e-01
4.054483203066063801e-01
4.053033338478461700e-01
4.051637413499660778e-01
4.050233224121838060e-01
4.048758793465279116e-01
4.047344008751290190e-01
4.045965056186394682e-01
4.044653285204669602e-01
4.044799014039843765e-01
4.046258315369444247e-01
4.045385261942518462e-01
4.044224225612583767e-01
4.042917834108416542e-01
4.041501654046109615e-01
4.039923642796906522e-01
4.038281673223090840e-01
4.036601500780737650e-01
4.034869202582336833e-01
4.033140125409586108e-01
4.031393222220470141e-01
4.029692180179706984e-01
4.028000041953225807e-01
4.026338439674726488e-01
4.024746649863534254e-01
4.023166336704785961e-01
4.021669096536178989e-01
4.020166258972938667e-01
4.018680047952845058e-01
4.017192383880942019e-01
4.015696072543621375e-01
4.014248555652702999e-01
4.012866050947377361e-01
4.011439436038656825e-01
4.010061454647603219e-01
4.008719899078794779e-01
4.007307902191380444e-01
4.005910413428019901e-01
4.004945826206897652e-01
4.007990695488128363e-01
4.009407754310874705e-01
4.009001903262059963e-01
4.008152100657813022e-01
4.007146494202608600e-01
4.006008427183699316e-01
4.004692538512263367e-01
4.003293246260570815e-01
4.001835245852793377e-01
4.000320786359779501e-01
3.998788768818400952e-01
3.997260540961362074e-01
3.995677872295473332e-01
3.994123069191073405e-01
3.992529099449008689e-01
3.990959787313850260e-01
3.989437497867305837e-01
3.987929881220262374e-01
3.986399556000360112e-01
3.984930081455316242e-01
3.983478181350599834e-01
3.982063126559058919e-01
3.980643232642300244e-01
3.979259499981706583e-01
3.977943343824867917e-01
3.976651642199497405e-01
3.975368901238411357e-01
3.974052178702394134e-01
3.972736938117578109e-01
3.971464976875778152e-01
3.970159056262751451e-01
3.968855194880154813e-01
3.967525352510185011e-01
3.966202935138425367e-01
3.964932049975422590e-01
3.963665186626008641e-01
3.962427965590725187e-01
3.961175968531433500e-01
3.959953250171556194e-01
3.958683625474985757e-01
3.957395001444952709e-01
3.956096670350842115e-01
3.954911215199254371e-01
3.953686036096563661e-01
3.952489790205695463e-01
3.951306777164409478e-01
3.950129414657057580e-01
3.949002296008270463e-01
3.947981281477229154e-01
3.947054415569853369e-01
3.946119594978260148e-01
3.945157836776273519e-01
3.944125134578402303e-01
3.943008945114810371e-01
3.941838349950734788e-01
3.940621455909172344e-01
3.939420224532543813e-01
3.938131342781407418e-01
3.936928562472616910e-01
3.935707793949865807e-01
3.934522278787834781e-01
3.933431246896365030e-01
3.932271616008798376e-01
3.931147553678465689e-01
3.930059474728935243e-01
3.929037027673559224e-01
3.928128287836678556e-01
3.927591686038780505e-01
3.939645629712215658e-01
3.944470035059619573e-01
3.948366852355668644e-01
3.951452397155560403e-01
3.954045503797266048e-01
3.956277483628491409e-01
3.958145250976842222e-01
3.959719649041355538e-01
3.961131449068108212e-01
3.962300423945948058e-01
3.963668818272768068e-01
3.964687318065205912e-01
3.965403255636743007e-01
3.966073150297675931e-01
3.967897713421090211e-01
3.968844512198031471e-01
3.969118602762112813e-01
3.969310463416314549e-01
3.969309408600380507e-01
3.969340607709752056e-01
3.969420762646398981e-01
3.969201210881864728e-01
3.968867886849808402e-01
3.968393990020658291e-01
3.967986254285701953e-01
3.967269112173704149e-01
3.966495465546712729e-01
3.965765161234536262e-01
3.965015115714517480e-01
3.964092436269405217e-01
3.963090327426680992e-01
3.961962742562669670e-01
3.960863160720541898e-01
3.959676004888212919e-01
3.958406092283590638e-01
3.957120197425568198e-01
3.955837620775894403e-01
3.954508783521926696e-01
3.953145352313535144e-01
3.951819664388550035e-01
3.950490875582834405e-01
3.949165649851602011e-01
3.947824009575906512e-01
3.946514325701831472e-01
3.945199838154885286e-01
3.944027381460542547e-01
3.942814790108944978e-01
3.941484272158127244e-01
3.940098512842682421e-01
3.938786545317086718e-01
3.937497046053794469e-01
3.936235655186185456e-01
3.935019713103823369e-01
3.933794866535191281e-01
3.932598658679309356e-01
3.931347553863398514e-01
3.930076000494718280e-01
3.928825404732546600e-01
3.927579993615164522e-01
3.926408098722094508e-01
3.925200524716095929e-01
3.924040521043950513e-01
3.922855612259226743e-01
3.921734811529284381e-01
3.920647952778256728e-01
3.919524674916434193e-01
3.918414238975203578e-01
3.917362522633864308e-01
3.916340652531464239e-01
3.915320118778111147e-01
3.914310664478712898e-01
3.913226640939796996e-01
3.912146335443550949e-01
3.911112714423284897e-01
3.910070083140609332e-01
3.908978912414169393e-01
3.907918635737891444e-01
3.911986648221589813e-01
3.912785824963841974e-01
3.912716660463765872e-01
3.912318523271574033e-01
3.911755046151733639e-01
3.910954841888764633e-01
3.910046650001041124e-01
3.909050545887222117e-01
3.907966219323622536e-01
3.906796368520942253e-01
3.905632176234727360e-01
3.904410579468078346e-01
3.903165403849894743e-01
3.901862717546111803e-01
3.900542401341078880e-01
3.899175258922603082e-01
3.897850001150632293e-01
3.896481809970456234e-01
3.895094102790606083e-01
3.893731132871406375e-01
3.892409379293780836e-01
3.891081634865928285e-01
3.889886820417682856e-01
3.888594868951132377e-01
3.887318504006408437e-01
3.886066315680981043e-01
3.884820234611144341e-01
3.883603495223181823e-01
3.882409020558243440e-01
3.881213708888809344e-01
3.879977881722215804e-01
3.878720550860179639e-01
3.877525321906752920e-01
3.876296909304486893e-01
3.875135986306523228e-01
3.874008328810891189e-01
3.872878773897948101e-01
3.871702520010807946e-01
3.870490375636261304e-01
3.869269627574732917e-01
3.868126386861265309e-01
3.867031216530804616e-01
3.865887832054465401e-01
3.864717340685507874e-01
3.863591408400555149e-01
3.862459353534273276e-01
3.865843319379415610e-01
3.867697118365518438e-01
3.867774753470319404e-01
3.867438639932964106e-01
3.866805953554833253e-01
3.866038404475466983e-01
3.865189763162999448e-01
3.864212929582834799e-01
3.863166443607217726e-01
3.862144603277676835e-01
3.861062522116522344e-01
3.859922501740620793e-01
3.858726339331345345e-01
3.857561984248361608e-01
3.856391155454647612e-01
3.855167137951329148e-01
3.856637139855851326e-01
3.857752105110388019e-01
3.857365908121199727e-01
3.856603767085793333e-01
3.855674208971844874e-01
3.854654869844725829e-01
3.853564775930190534e-01
3.852527881680465893e-01
3.851336325486746648e-01
3.850082326496911955e-01
3.848778198520758087e-01
3.847456593910434375e-01
3.846113092544857781e-01
3.844781426559157334e-01
3.843436040324158531e-01
3.842121279099592335e-01
3.840842234256730547e-01
3.839579081109660286e-01
3.838330431904512507e-01
3.837074374863343462e-01
3.835876712752231410e-01
3.836872262608435058e-01
3.839876732079031685e-01
3.840467546724382619e-01
3.840454264132444062e-01
3.840217788993404158e-01
3.839645848721040533e-01
3.838959183483205972e-01
3.840478300175245163e-01
3.841297132843524142e-01
3.841251065879069948e-01
3.840865006968900985e-01
3.840301543339307844e-01
3.839590453846145612e-01
3.838797103636810704e-01
3.837927329509395191e-01
3.837006170997323551e-01
3.836007105335971223e-01
3.835001531096304261e-01
3.833962020671211612e-01
3.832867411034497906e-01
3.831762031295269377e-01
3.830602964559880474e-01
3.829446650252467110e-01
3.828290462951698392e-01
3.827114187338303553e-01
3.825919954782651677e-01
3.824729161606537642e-01
3.823538354331189049e-01
3.822349188513431972e-01
3.821175841437882137e-01
3.819987524229019327e-01
3.818797625286730058e-01
3.817657137579265614e-01
3.816492880630557027e-01
3.815354454047986676e-01
3.814527625479054995e-01
3.818437119187195750e-01
3.818541761206561413e-01
3.818119402157832964e-01
3.817433924291498415e-01
3.816595533729679746e-01
3.815623078523990297e-01
3.814602919621497557e-01
3.813491730376874500e-01
3.812336157582892904e-01
3.811170231214606186e-01
3.809968449847332406e-01
3.808734073953944366e-01
3.807487647044839330e-01
3.806273851316123169e-01
3.805046168020929653e-01
3.803850318275825426e-01
3.802671605910812880e-01
3.801485583303303439e-01
3.800323278645430514e-01
3.799150244674828203e-01
3.798035719006209177e-01
3.796944346367990830e-01
3.795835929396200736e-01
3.794770728341799737e-01
3.793666482890768465e-01
3.792574388353766590e-01
3.791591983527748400e-01
3.790550661918243858e-01
3.789418982824429571e-01
3.788326388620211760e-01
3.787209576167316349e-01
3.786099008431492718e-01
3.784962140219483295e-01
3.783840028940412825e-01
3.782737438114162076e-01
3.781647911895463787e-01
3.780534745636160987e-01
3.779463580541072565e-01
3.779545719568855322e-01
3.781976261758990265e-01
3.781719930930966256e-01
3.781020245946615232e-01
3.780226605298658837e-01
3.779313513585433326e-01
3.778220297627278845e-01
3.777063018590791632e-01
3.775859365106245535e-01
3.774646171770824066e-01
3.773384113626945258e-01
3.772099980189315693e-01
3.770795848723363930e-01
3.769505352461057779e-01
3.768209267781855165e-01
3.766981122046603181e-01
3.765760280637172053e-01
3.764542722661628482e-01
3.763379130016795138e-01
