1.342069372899323980e+02
1.290414448247372547e+02
1.277731049608644156e+02
1.265408697313475415e+02
1.259254038542219689e+02
1.262046979607887636e+02
1.257439484483821985e+02
1.248350050379929002e+02
1.237667981264017669e+02
1.228915044303079185e+02
1.223773443595771795e+02
1.217302846731105603e+02
1.212805497559083818e+02
1.210036508511240356e+02
1.207411381983834247e+02
1.203255915682292709e+02
1.199369497152139985e+02
1.197626687711368021e+02
1.195189595200543948e+02
1.190325478405628417e+02
1.188691997232670872e+02
1.185269369212063850e+02
1.182421109568675206e+02
1.179211361990777363e+02
1.176896937179565441e+02
1.173789464681339041e+02
1.170456501934349234e+02
1.167877426213596408e+02
1.164703057700669007e+02
1.160358288021149349e+02
1.158576208593103871e+02
1.155193913755486363e+02
1.152240416814944979e+02
1.148664454251000109e+02
1.145328304118819176e+02
1.142659562866021616e+02
1.139714241120421718e+02
1.136308754588123691e+02
1.134271194108066112e+02
1.131442567142468079e+02
1.127815933460142617e+02
1.124043813324944665e+02
1.121219434430244490e+02
1.118987347663027521e+02
1.116118348453937301e+02
1.114748185225406587e+02
1.112281033203292111e+02
1.109514760699086935e+02
1.106787210632272860e+02
1.104176208733123445e+02
1.101938961255262228e+02
1.099311002062896563e+02
1.096942642218552635e+02
1.094067400203939400e+02
1.092486291605923299e+02
1.090090232727101096e+02
1.087291834094905738e+02
1.084140844156720505e+02
1.081706161652816576e+02
1.079188495444634270e+02
1.076366272336943695e+02
1.073808911919705764e+02
1.071369591915914299e+02
1.069101549738529826e+02
1.067410539265262912e+02
1.064984802353834539e+02
1.062224686689919935e+02
1.059615961868105245e+02
1.057705136206946150e+02
1.055202364762844525e+02
1.053213130951449301e+02
1.051066836873561670e+02
1.048959993888032045e+02
1.047363178846999432e+02
1.045157605206387785e+02
1.043573797925979250e+02
1.041237300185714787e+02
1.038801903319887003e+02
1.036312296301166782e+02
1.034008642444332793e+02
1.031582827434884990e+02
1.029603438996150828e+02
1.027724306805117891e+02
1.025256419416604814e+02
1.023246476278517463e+02
1.021180453825868994e+02
1.019108681964523129e+02
1.017041052842918845e+02
1.014912196305321714e+02
1.013084007624283629e+02
1.011346198554788316e+02
1.009094369711378789e+02
1.006993858384394116e+02
1.004833547036230641e+02
1.003555818332600040e+02
1.001594581244254130e+02
9.997274313726148876e+01
9.974976309696376120e+01
9.953665769213587566e+01
9.935340377853911775e+01
9.917823458217513632e+01
9.899113279175989533e+01
9.881565874687451867e+01
9.863977421158013215e+01
9.845358784146954179e+01
9.825299607215947617e+01
9.804298939742537300e+01
9.785366640730497068e+01
9.766574668221709032e+01
9.748554237429694069e+01
9.729239879333889007e+01
9.709068232344853300e+01
9.689517713422698364e+01
9.674706182202089622e+01
9.657934413747275926e+01
9.642051487404803822e+01
9.624789117158334761e+01
9.606836587817373641e+01
9.586907246012258099e+01
9.569590146340983949e+01
9.551605236990383219e+01
9.533219741124285918e+01
9.514385167624054418e+01
9.496521087518651427e+01
9.480119039213310828e+01
9.462177326455471871e+01
9.446057776042914611e+01
9.428291873272182499e+01
9.411921965321361938e+01
9.394872836297443541e+01
9.377441521343993713e+01
9.360278884148941358e+01
9.346537743315086288e+01
9.328943716327516711e+01
9.312886328013068749e+01
9.296528086030504312e+01
9.280449062407156191e+01
9.263561192722248450e+01
9.246274718783992341e+01
9.229193511749933521e+01
9.211852222187314965e+01
9.195268612140736764e+01
9.179012898400388565e+01
9.163112740978968418e+01
9.146764372914061880e+01
9.130179278132985132e+01
9.113499589565053327e+01
9.097952875015586471e+01
9.081134291761526356e+01
9.066080119960130901e+01
9.048845381087707551e+01
9.032739013074062484e+01
9.016288170465638530e+01
8.999664469403165867e+01
8.983397712148993719e+01
8.971859290260327668e+01
8.958861345336902104e+01
8.944282365741872809e+01
8.929022626721932454e+01
8.914177257276854505e+01
8.898018893601486923e+01
8.881987710157973481e+01
8.866002164939877161e+01
8.851125874255129133e+01
8.835208965839095185e+01
8.819490779538031688e+01
8.803478639535131833e+01
8.788311989137655189e+01
8.772741867940266047e+01
8.763824290777192516e+01
8.750785977410097871e+01
8.737476881074162804e+01
8.722584121056937079e+01
8.708719915929164301e+01
8.694017266748352313e+01
8.679405544478601087e+01
8.664908302792152028e+01
8.650114637421485497e+01
8.636796657386180698e+01
8.622823293679741141e+01
8.609687263566729598e+01
8.595545958155032906e+01
8.581205071916731697e+01
8.566959324986082436e+01
8.552472165432291717e+01
8.543373998568692684e+01
8.529750555939692447e+01
8.515752302642401617e+01
8.501795263491750632e+01
8.488659893951064817e+01
8.475014212224454013e+01
8.460969975769134521e+01
8.447374806849552442e+01
8.433922270570666058e+01
8.420679395973370163e+01
8.407406089176913611e+01
8.397751284080378298e+01
8.386519696299346549e+01
8.373802982316736632e+01
8.360140975503088612e+01
8.347539185874215661e+01
8.334476272757095217e+01
8.322371715687229710e+01
8.309542519492964630e+01
8.296874837875365927e+01
8.283872595070691602e+01
8.270349188348789937e+01
8.257223915034394679e+01
8.244968205747144907e+01
8.232560923936132724e+01
8.220357883244757602e+01
8.207836488256700136e+01
8.195408016592406852e+01
8.182356449173406077e+01
8.169480613679212411e+01
8.157468646076762298e+01
8.151859188724121452e+01
8.141387604541596090e+01
8.129857009950774227e+01
8.117531127683483305e+01
8.104975338283408348e+01
8.093319601790751960e+01
8.081049279924978634e+01
8.068776622317452052e+01
8.056257142199667953e+01
8.044093476358645489e+01
8.032262569935876684e+01
8.020240634085880060e+01
8.008173821289531702e+01
7.996430404450934759e+01
7.984225339337996274e+01
7.972976236637515512e+01
7.964785431818125971e+01
7.957801986789220905e+01
7.947796685899049862e+01
7.937398988992265458e+01
7.926631178347433604e+01
7.915467594585479105e+01
7.904321104256867159e+01
7.893135854304800603e+01
7.881512798275824139e+01
7.869953623128283482e+01
7.858992613581672515e+01
7.847981244015424807e+01
7.836858321112974579e+01
7.826025610087147300e+01
7.815011397086946943e+01
7.803947156856249023e+01
7.792873432001611889e+01
7.782253033965767486e+01
7.771070345940314894e+01
7.761033910363200050e+01
7.750754376360605136e+01
7.740031287484409006e+01
7.729149316734707043e+01
7.718005989121219557e+01
7.707262307502070087e+01
7.696072698922442612e+01
7.685867954379200739e+01
7.675256148513526000e+01
7.665081264862448052e+01
7.654637875440678840e+01
7.644096181879294249e+01
7.633671666187692040e+01
7.627929370325986724e+01
7.618895307023365149e+01
7.608881936151848890e+01
7.598754095820443411e+01
7.588258231412879695e+01
7.577826187258270352e+01
7.567323701611364584e+01
7.557507949543298764e+01
7.547450999529544902e+01
7.537449319831840455e+01
7.527330120657359203e+01
7.517004237652025722e+01
7.506986375246292198e+01
7.497166193656484268e+01
7.486957159661946548e+01
7.481322426686836025e+01
7.473931768850519575e+01
7.465132820236037503e+01
7.455633663687028445e+01
7.446067798150706096e+01
7.436556168560923652e+01
7.427035951088301147e+01
7.417387517444385026e+01
7.407660507919526083e+01
7.397899042045833085e+01
7.388419772615232262e+01
7.378846932889319987e+01
7.369732039124427558e+01
7.360332176254695469e+01
7.351189670083418548e+01
7.342114123089720579e+01
7.333055172153295587e+01
7.323914891415347483e+01
7.315293305614774511e+01
7.306489873467380392e+01
7.297566651234734536e+01
7.288946608346927292e+01
7.288759802979441815e+01
7.282623482625965039e+01
7.275598878256204216e+01
7.268204035390890283e+01
7.260118655539972110e+01
7.251548991298763269e+01
7.243148228510709430e+01
7.234756289835785026e+01
7.226258227622811603e+01
7.217489845432001516e+01
7.208605849558897205e+01
7.199878328264142624e+01
7.191272395484692481e+01
7.182622869888096773e+01
7.174072123373757393e+01
7.165714862406453278e+01
7.157325732477231384e+01
7.148831878783956029e+01
7.140311413459407675e+01
7.131885150933884177e+01
7.123855315308328784e+01
7.116396841513690674e+01
7.112573812078775859e+01
7.105568027261301722e+01
7.097896634891209544e+01
7.089674510859822476e+01
7.081584380146115620e+01
7.073209346506192219e+01
7.065294843072153697e+01
7.057165077539438869e+01
7.049330475799158080e+01
7.041352814120200776e+01
7.033371970592685329e+01
7.025627936700550435e+01
7.017495193460226233e+01
7.009680832307068954e+01
7.001746422799196523e+01
6.993824457408712192e+01
6.986255871141248974e+01
6.978620975237414825e+01
6.970904545909074557e+01
6.963472248306734969e+01
6.955787815360513093e+01
6.947998809131435394e+01
6.940450673079516264e+01
6.935818382070105770e+01
6.931175366690243322e+01
6.924894667537957105e+01
6.917796362927154519e+01
6.910637303813642518e+01
6.903442612988750682e+01
6.895779461072332595e+01
6.888604498685050714e+01
6.881212164257972574e+01
6.873655723655471661e+01
6.866413410091635683e+01
6.858816621226874588e+01
6.851747405333333063e+01
6.844572709424595303e+01
6.837257390782360744e+01
6.830272239595947781e+01
6.823060357495721462e+01
6.816140756560760394e+01
6.808941153857219319e+01
6.802016274947639829e+01
6.794950154527703035e+01
6.787996026659726567e+01
6.781200257811025267e+01
6.774133931083399318e+01
6.767213619068860453e+01
6.760131862008232417e+01
6.753352839620511361e+01
6.746718491075021973e+01
6.739996710922339673e+01
6.733201337387630758e+01
6.726380120214999181e+01
6.719496850364349427e+01
6.712717251889172587e+01
6.705836102981986357e+01
6.699136642239234618e+01
6.693172174593686918e+01
6.690787830124088487e+01
6.685252268914989315e+01
6.679189266955893345e+01
6.672857638844374151e+01
6.666172466725234358e+01
6.659464372676744404e+01
6.652798463148195651e+01
6.646227416341685057e+01
6.639767706437707773e+01
6.633142237137019492e+01
6.626542795985791656e+01
6.619858708669997327e+01
6.613589112921840751e+01
6.607147634627948207e+01
6.600935215818357449e+01
6.594611068443536794e+01
6.588336666672786635e+01
6.582037993019066846e+01
6.575834932875189054e+01
6.569612644727878603e+01
6.563400440027209015e+01
6.557173632311497613e+01
6.550904590859768462e+01
6.544804214062892811e+01
6.538599353551961713e+01
6.532558677975119110e+01
6.526553238924108769e+01
6.520475248389409728e+01
6.514456530171271709e+01
6.508467301862584975e+01
6.502520766823531062e+01
6.496548395259513597e+01
6.490534485160907252e+01
6.484657878916685547e+01
6.478635260452145417e+01
6.474897162224394265e+01
6.471357323300958342e+01
6.465946757536600842e+01
6.459984790464280024e+01
6.454050609022509377e+01
6.448102870693730893e+01
6.442135447032242723e+01
6.436216395196746021e+01
6.430303255518087724e+01
6.424411923086135801e+01
6.418485917537530838e+01
6.412626521658108913e+01
6.406916570850785320e+01
6.401079185982214881e+01
6.395356343861794102e+01
6.389604113782429806e+01
6.383830685826959694e+01
6.378250033240567518e+01
6.372565004786729759e+01
6.367076689947348456e+01
6.361590493684563796e+01
6.355962906129077794e+01
6.350379180350560659e+01
6.344955895753957975e+01
6.339540913637821262e+01
6.334029061387398229e+01
6.328559487074323897e+01
6.323119728672630657e+01
6.317728242934764893e+01
6.312477422911716474e+01
6.307133953562639306e+01
6.301656067008691053e+01
6.296464230286393615e+01
6.294511457425006995e+01
6.290265970534706241e+01
6.285202883766569926e+01
6.280024376238164052e+01
6.274714864089625621e+01
6.269407892035292917e+01
6.263981251462245581e+01
6.258616669393209264e+01
6.253256991677274357e+01
6.247923728675971233e+01
6.242643873317434355e+01
6.237384913742570092e+01
6.232146818151051804e+01
6.227004522800564956e+01
6.221920157541175200e+01
6.216828737825576212e+01
6.211704229853018688e+01
6.206681779569317570e+01
6.201686808891547997e+01
6.196753533516410783e+01
6.191690904533447792e+01
6.190765076943363709e+01
6.187573168675553603e+01
6.183217021704140137e+01
6.178640616982703193e+01
6.173756724205532009e+01
6.168825075393491630e+01
6.163790023754472003e+01
6.158926807521824287e+01
6.153883993616960879e+01
6.148930101652788238e+01
6.144125255253084106e+01
6.139142850226077996e+01
6.134270336665646539e+01
6.129329095438022534e+01
6.124621411224137546e+01
6.119777667153829981e+01
6.115012466985291439e+01
6.110244815343472169e+01
6.105612952144684158e+01
6.100871893100528354e+01
6.096303605986277319e+01
6.091648650681621291e+01
6.086990014294362084e+01
6.082426808082181680e+01
6.077819134305720183e+01
6.073320627686651108e+01
6.068561171872734405e+01
6.064071436946274929e+01
6.059512389708954316e+01
6.055052342789188202e+01
6.052687614570801600e+01
6.052062981443783229e+01
6.049881473476190052e+01
6.046230144038700161e+01
6.042019214843851671e+01
6.037880163192200911e+01
6.033692169876585609e+01
6.029332558799085717e+01
6.024882733891310949e+01
6.020404127659586635e+01
6.015927195009205519e+01
6.011482231734154880e+01
6.006945221503632837e+01
6.002551542053416966e+01
5.998153714186416607e+01
5.993745038423897853e+01
5.989318990844137147e+01
5.984958059984838030e+01
5.980724214585170984e+01
5.976394106635658687e+01
5.972185260365416326e+01
5.968042270871108457e+01
5.963781219511895415e+01
5.959619926768323950e+01
5.955397858007647471e+01
5.951346321472802003e+01
5.947178028915411829e+01
5.943064943262105260e+01
5.938978643609525676e+01
5.934804644473147306e+01
5.930662023900190150e+01
5.926677990394870932e+01
5.922512586328065254e+01
5.918427006905204735e+01
5.918320666201096003e+01
5.917884521753695282e+01
5.916071852963235500e+01
5.913197310257686468e+01
5.910230521677381432e+01
5.906901337266398144e+01
5.903631656748918743e+01
5.900141234460893713e+01
5.896681909635875485e+01
5.892955579892752382e+01
5.889293488427176015e+01
5.885391648504076301e+01
5.881684683452430562e+01
5.877833516218239396e+01
5.874130890629087531e+01
5.870285267347033908e+01
5.866438817197098388e+01
5.862568359312715671e+01
5.858681909795907217e+01
5.854704709687404574e+01
5.850927297464669152e+01
5.847088156849225271e+01
5.843265001384808244e+01
5.839386632809065247e+01
5.835565776625718115e+01
5.831780656043456190e+01
5.827964366120326645e+01
5.824235286702614900e+01
5.820403349869902598e+01
5.816782374720831683e+01
5.813116698472993704e+01
5.811717134100025817e+01
5.810182609935311149e+01
5.807208067182082090e+01
5.803853241283388797e+01
5.800236466363362098e+01
5.796503309949739702e+01
5.792720541591033623e+01
5.788986775456582734e+01
5.785122684541559579e+01
5.781313183306522774e+01
5.777545656417099451e+01
5.773862567213691932e+01
5.770183922758060646e+01
5.766574749893115381e+01
5.762970860708848164e+01
5.759380384716182277e+01
5.755725995292333863e+01
5.752155083799983970e+01
5.748652104975306543e+01
5.745029300365759894e+01
5.741451411121776260e+01
5.738024034596806189e+01
5.734616329705046667e+01
5.731001790957523667e+01
5.727469718360897843e+01
5.724060945428283986e+01
5.720603161608865150e+01
5.717095057033206018e+01
5.713623644632023968e+01
5.710232692903716156e+01
5.706924608007290090e+01
5.703400135560519857e+01
5.703059905607553759e+01
5.703539910197643792e+01
5.702676182408834649e+01
5.701031711072847941e+01
5.699019819137511433e+01
5.696732430438753880e+01
5.694212995598196159e+01
5.691403004386621944e+01
5.688592532656494427e+01
5.685679727251363857e+01
5.682828556486156657e+01
5.679870683839892820e+01
5.676717273413082410e+01
5.673460541891638798e+01
5.670065089928590396e+01
5.666823422116718234e+01
5.663531894905150210e+01
5.660175302395106911e+01
5.656848310585770179e+01
5.653476425610864453e+01
5.650045062940060348e+01
5.646771162079674866e+01
5.643460852447184806e+01
5.640313105448772291e+01
5.637054556872463706e+01
5.633796767589610965e+01
5.630665873980476022e+01
5.627442500032115902e+01
5.624262516003240364e+01
5.621031219972822868e+01
5.619383500440675050e+01
5.618416292190845951e+01
5.616068459835189941e+01
5.613137147677711170e+01
5.610010423422441050e+01
5.606837627920658207e+01
5.603564672176284489e+01
5.600269891039140191e+01
5.597086042894973446e+01
5.593884548310234806e+01
5.590727651458474412e+01
5.587518309291849761e+01
5.584319642882799428e+01
5.581174254511883959e+01
5.578167794969657223e+01
5.575169347506167838e+01
5.572093185667547743e+01
5.569079519805918466e+01
5.566044379628700511e+01
5.562961702080749404e+01
5.559926781832047737e+01
5.556860721078891174e+01
5.553828266986720763e+01
5.550877755413501546e+01
5.547858569938907891e+01
5.544930171250893380e+01
5.544360058925207113e+01
5.543743038147144375e+01
5.542012982923655073e+01
5.539716986739266247e+01
5.537102382268815148e+01
5.534263784074544645e+01
5.531488172090087119e+01
5.528608752250168124e+01
5.525698957789017385e+01
5.522621307610517505e+01
5.519666887958324963e+01
5.516688128709688499e+01
5.513736812838754986e+01
5.510778571366501666e+01
5.507798736866006095e+01
5.504877305756339467e+01
5.501988566604649833e+01
5.499138925682324697e+01
5.496274377593974236e+01
5.493398842105897018e+01
5.490551637240083949e+01
5.487742761715868767e+01
5.484888784260152050e+01
5.482076175939307205e+01
5.479282352389365229e+01
5.476420986301077676e+01
5.473627087411964709e+01
5.470872699464639766e+01
5.468027968079901768e+01
5.465292133230749272e+01
5.462557992214062352e+01
5.459856898994718932e+01
5.459735197270311602e+01
5.459074594150091997e+01
5.457234877944186024e+01
5.454806506293927271e+01
5.452465819177572115e+01
5.451000467042635478e+01
5.448697116389365647e+01
5.446176542090014294e+01
5.443622801492207230e+01
5.440945778100196151e+01
5.438260631790030430e+01
5.435506804250001522e+01
5.432808256810930914e+01
5.430078110446215334e+01
5.427335490133403084e+01
5.424652255098146725e+01
5.421955076720190903e+01
5.419290417973987672e+01
5.416636820651771700e+01
5.414007103355605466e+01
5.411293792548466541e+01
5.408662281952597084e+01
5.406061104117819127e+01
5.403467943041428612e+01
5.400887465364019846e+01
5.398330495936069440e+01
5.395779328554092302e+01
5.393134235011746824e+01
5.390540279850988270e+01
5.388048708356757999e+01
5.385460013378365574e+01
5.382966853728478895e+01
5.380470469719839599e+01
5.378013593753178867e+01
5.375466174916125794e+01
5.372900904501901209e+01
5.370401531382583471e+01
5.367871966591811628e+01
5.365373096237463812e+01
5.362941271665916076e+01
5.360511926121520077e+01
5.358036591019610739e+01
5.355556671552767511e+01
5.353116555598239046e+01
5.350579028207918242e+01
5.348079529733352899e+01
5.345646768448126807e+01
5.343271736781315440e+01
5.340916037301580843e+01
5.338586723627093988e+01
5.336238749077410404e+01
5.333837143512370460e+01
5.331406352600707521e+01
5.329095009922261994e+01
5.326694679991850023e+01
5.324320364296647057e+01
5.321936380337777450e+01
5.319529134118491243e+01
5.317232827697816333e+01
5.314907702037124437e+01
5.314955753350536583e+01
5.314191669720515421e+01
5.312511583431319906e+01
5.310388075639051664e+01
5.308166689816214046e+01
5.305894343163745219e+01
5.303530765328913787e+01
5.301140523753193889e+01
5.298698566148942035e+01
5.296300370238096633e+01
5.293845446430747614e+01
5.291452308389670378e+01
5.289036437177126970e+01
5.286588893135287037e+01
5.284192002800411103e+01
5.281823770307855170e+01
5.279487366081050226e+01
5.277166723263364645e+01
5.274901560247757715e+01
5.272597743413932392e+01
5.270330795242406907e+01
5.268061112464800289e+01
5.265786064146552548e+01
5.263518849441885550e+01
5.261222019128065597e+01
5.258943633135130824e+01
5.256667913708597695e+01
5.254396555418413328e+01
5.252104909758264739e+01
5.249875403933071283e+01
5.249380243367193799e+01
5.250382815936150394e+01
5.249831518332985780e+01
5.248994042276891037e+01
5.247612480218440112e+01
5.245931564997582086e+01
5.245012882487234407e+01
5.243609363647269817e+01
5.241742635974856768e+01
5.239852124855020321e+01
5.237878855632330755e+01
5.235824994434948110e+01
5.233653156611282498e+01
5.231461547033725878e+01
5.229274369083856300e+01
5.227035942005272062e+01
5.224864734931560406e+01
5.222660626332748279e+01
5.220430270913771409e+01
5.218194216686661235e+01
5.215961810761858430e+01
5.213796259101081887e+01
5.211570071197186849e+01
5.209371769765627391e+01
5.207247355132155064e+01
5.205085658618988731e+01
5.202909425273839616e+01
5.200834665765211184e+01
5.198666053238402895e+01
5.196544790832557936e+01
5.196885692367519738e+01
5.195475347619279916e+01
5.193842535703215191e+01
5.191916058829658454e+01
5.190905385646286163e+01
5.190156883585999736e+01
5.188621047701375488e+01
5.186836822413240355e+01
5.184913518228427876e+01
5.182943587549500108e+01
5.180890977686806309e+01
5.178807322485519649e+01
5.176748452163464975e+01
5.174687448204509366e+01
5.172623059720366001e+01
5.170509933218983889e+01
5.168444619819868535e+01
5.166400181558357474e+01
5.164372218009408044e+01
5.162299104414374540e+01
5.160239875000476673e+01
5.158281769343675904e+01
5.156328776992150154e+01
5.154264991408636121e+01
5.152233051885760062e+01
5.150261158029297803e+01
5.148274082952944042e+01
5.146330474914043407e+01
5.144353990930712683e+01
5.142413279668770798e+01
5.140454339329521360e+01
5.138437490308903932e+01
5.136531297057283751e+01
5.134520759806277823e+01
5.132583111852320457e+01
5.130609391730416036e+01
5.128615752545931628e+01
5.126635580411065263e+01
5.124677887942478804e+01
5.122693605222581681e+01
5.120739211336080388e+01
5.118791542319199550e+01
5.116846652794728101e+01
5.114901016794702571e+01
5.112991165250654291e+01
5.111056395771129957e+01
5.109102908843602364e+01
5.107155965703270084e+01
5.105250809686875613e+01
5.103302500955574317e+01
5.101386339392119140e+01
5.099480665901202769e+01
5.097656316433407397e+01
5.095804449763678434e+01
5.093962137187490669e+01
5.092106364063521085e+01
5.090258706592186400e+01
5.088412469374173241e+01
5.086551846419596501e+01
5.084739738137853493e+01
5.082930523008343471e+01
5.081140055503787778e+01
5.079352261419796122e+01
5.077614780414211992e+01
5.075838145877201413e+01
5.074032338179792134e+01
5.072256114795516169e+01
5.070400127622256292e+01
5.068638454576934294e+01
5.066887475944619013e+01
5.065131620756834252e+01
5.065697788988143913e+01
5.064971708540653594e+01
5.063628179856559086e+01
5.061957419162038718e+01
5.060240052011592837e+01
5.058488795675740590e+01
5.056629575231563933e+01
5.054763646122916043e+01
5.052846638220881914e+01
5.051014742854023609e+01
5.049197471025556894e+01
5.047324969832654773e+01
5.045402985255825001e+01
5.043568157019365827e+01
5.041684830548937413e+01
5.039835514661094606e+01
5.037971764634505689e+01
5.036126448013211387e+01
5.034312427901092946e+01
5.032587825882579580e+01
5.030791949257658757e+01
5.028988519352888176e+01
5.027167439915472613e+01
5.025429548626900100e+01
5.023659018100050844e+01
5.021920399382372580e+01
5.020162114196037351e+01
5.018427966945078822e+01
5.018837101574627013e+01
5.018204107952784199e+01
5.016898189126963103e+01
5.015459524812956715e+01
5.013874359037252049e+01
5.012245240880297814e+01
5.010488253816635051e+01
5.008709125989150834e+01
5.006928555104004630e+01
5.005186907502471172e+01
5.003386320017887101e+01
5.001596643272167597e+01
4.999779016781920404e+01
4.998054791396024399e+01
4.996327179746820946e+01
4.994620268295845023e+01
4.992883045581533707e+01
4.991193506332451335e+01
4.989492869374630857e+01
4.988183371942020017e+01
4.989677915990274215e+01
4.989214137066414878e+01
4.988420967129628281e+01
4.987239279750447452e+01
4.985839960737136067e+01
4.984309740495564256e+01
4.982805365410698784e+01
4.981286125473676663e+01
4.979634880708812261e+01
4.977990520918061890e+01
4.976337195226695087e+01
4.974647335985858376e+01
4.972976776394558129e+01
4.971305448514414849e+01
4.969664960618207061e+01
4.967976887970488065e+01
4.966262607324510014e+01
4.964590909611170133e+01
4.962920514315057829e+01
4.961291907021890069e+01
4.961851653542512253e+01
4.961082013991038053e+01
4.959801084166259244e+01
4.958298324450534977e+01
4.956807885006732306e+01
4.955173404706513196e+01
4.953492757861120310e+01
4.951805189241486005e+01
4.950157518871238693e+01
4.948515705766369166e+01
4.946874703981111310e+01
4.945214192438749023e+01
4.943568673721862439e+01
4.941897446952548734e+01
4.940288841995413804e+01
4.938653050752051143e+01
4.937035661337269232e+01
4.935465366114523533e+01
4.933870550582743419e+01
4.932290353006481354e+01
4.930731709968308252e+01
4.929156929754763183e+01
4.929759159300861882e+01
4.929416652931490006e+01
4.928272780036677858e+01
4.926979789876156701e+01
4.925550624341578754e+01
4.924034394298563910e+01
4.922505244052128859e+01
4.920902080958003211e+01
4.919244802469625455e+01
4.917600341315673518e+01
4.915993834783500205e+01
4.914398581387462883e+01
4.912791828860238752e+01
4.911244158539859228e+01
4.909703768196084894e+01
4.908148165163303389e+01
4.906613869577756759e+01
4.905083219048235321e+01
4.903531308464673799e+01
4.902072619939684728e+01
4.900576831993547700e+01
4.899103249795027182e+01
4.897597073019748848e+01
4.896093950389048644e+01
4.894598270648425142e+01
4.893094335499674230e+01
4.891642006849045998e+01
4.890168851195076627e+01
4.888650784428535445e+01
4.887205011452196857e+01
4.885757286941471733e+01
4.886395343179027151e+01
4.886306153394643559e+01
4.885407666388699965e+01
4.884370495705073978e+01
4.883130198105948949e+01
4.881808564578366827e+01
4.880382616288799369e+01
4.878933549924993684e+01
4.877479463667598480e+01
4.875945289857601495e+01
4.874483958063943589e+01
4.872950859668448942e+01
4.871449250499873074e+01
4.869932102407724983e+01
4.868426798229027241e+01
4.866957656357097761e+01
4.865527057700157343e+01
4.864079974223218272e+01
4.862646279291913487e+01
4.861201148705099939e+01
4.859777033409310576e+01
4.858344286894222108e+01
4.856866982454226900e+01
4.855458755436812623e+01
4.854048184141404931e+01
4.852615572862526250e+01
4.851236277120248275e+01
4.849787135794624504e+01
4.848357494837950554e+01
4.848034538139111049e+01
4.847796220459628813e+01
4.847295894974733699e+01
4.846142592182295772e+01
4.844909017780631189e+01
4.843574994075504492e+01
4.842164706157202403e+01
4.840731208613495795e+01
4.839288184213536681e+01
4.837807835982679450e+01
4.836384373832694905e+01
4.834923321559798381e+01
4.833433654826020387e+01
4.831978304564047022e+01
4.830570316459979807e+01
4.829154989328769432e+01
4.827788569628072679e+01
4.826373745567008910e+01
4.824983418749741304e+01
4.823659826604421852e+01
4.822314741108686320e+01
4.820997405190098561e+01
4.819634189947853997e+01
4.818292125489132616e+01
4.816937000140508474e+01
4.815601597498869069e+01
4.814226915977283028e+01
4.812878106643869103e+01
4.811540815248213221e+01
4.810235689916908086e+01
4.808904653077984648e+01
4.807612456123221278e+01
4.806297655296447857e+01
4.804995718143953098e+01
4.803654782020491609e+01
4.802358646935208242e+01
4.801060759593504201e+01
4.802100829930328985e+01
4.801647493303311620e+01
4.800909125891351437e+01
4.799910087801058722e+01
4.798786921164536778e+01
4.797606852753128948e+01
4.796326703653439694e+01
4.795030499090233889e+01
4.793688788856369598e+01
4.792320075010697877e+01
4.790952974234189554e+01
4.789563041569398649e+01
4.788201603405583029e+01
4.786817152305567902e+01
4.785479754059188906e+01
4.784156438014096580e+01
4.782849918078989759e+01
4.781538884497646080e+01
4.780219715119844182e+01
4.778895196534405443e+01
4.777590083833572976e+01
4.776304481194441109e+01
4.775028475013974827e+01
4.773777971944337395e+01
4.772487265721452587e+01
4.771212462159525103e+01
4.769969325632820301e+01
4.768755880463381658e+01
4.767491595192915810e+01
4.766249992115314882e+01
4.765059234160250412e+01
4.763829983442327176e+01
4.762590801555169406e+01
4.761320952407236007e+01
4.760078828183602440e+01
4.758865193693593909e+01
4.757621662455034084e+01
4.758167775944335887e+01
4.758182845224662572e+01
4.757512029024204736e+01
4.756593396508965554e+01
4.755560246725953988e+01
4.754404316459444857e+01
4.753168190729772391e+01
4.751916332308408641e+01
4.750647983726194923e+01
4.749392505762276784e+01
4.748079289993344076e+01
4.746799864666368052e+01
4.745522234584510812e+01
4.744290409632878180e+01
4.743069439096192497e+01
4.741782336548749299e+01
4.740479456236543854e+01
4.739243252871036560e+01
4.738045582068611594e+01
4.736843097108234701e+01
4.735621229299199797e+01
4.734372866747243336e+01
4.733196313586391568e+01
4.731983422258165461e+01
4.730746014122840393e+01
4.729527990605712517e+01
4.728305803125968509e+01
4.727134608033261287e+01
4.725916397059247487e+01
4.724724138246101290e+01
4.723537773718992838e+01
4.722320710085031692e+01
4.721132631135806434e+01
4.719947920687454257e+01
4.718783814428557832e+01
4.717612571054906567e+01
4.716468663260955907e+01
4.715325606100056177e+01
4.714153301304476429e+01
4.712965790290995471e+01
4.711831934435070934e+01
4.710721909849682731e+01
4.709610196529819603e+01
4.708518628078655865e+01
4.707370481770796999e+01
4.706264014238065840e+01
4.705145491980186989e+01
4.704005747751534017e+01
4.702897034886618854e+01
4.701841203538536007e+01
4.700791715057777509e+01
4.699650593210049010e+01
4.698525880520440268e+01
4.697408825423364220e+01
4.696299090954351385e+01
4.695181428079418851e+01
4.694079338552158731e+01
4.692968379236411636e+01
4.691818067383358937e+01
4.690718265760591521e+01
4.689593211657071237e+01
4.688546707920167478e+01
4.689558133844959542e+01
4.690704862925304752e+01
4.690799364464120202e+01
4.690499388320778706e+01
4.689915062763982689e+01
4.689205715497812577e+01
4.688432508890346639e+01
4.687602716437003636e+01
4.686682042235301537e+01
4.685670946525264213e+01
4.684583612410375508e+01
4.683460206210477850e+01
4.682292285105501861e+01
4.681123759814184382e+01
4.679915123054063741e+01
4.678732660549705002e+01
4.677576573344267530e+01
4.676353939286937589e+01
4.675160389540454986e+01
4.673979356800403906e+01
4.672853776283916005e+01
4.671729988519525278e+01
4.670613605429348780e+01
4.669510036175088885e+01
4.668369099862055549e+01
4.667312078048357193e+01
4.666205039066368698e+01
4.665099167104491329e+01
4.663963746734416560e+01
4.662856615002871763e+01
4.661779149277990797e+01
4.660674609206618157e+01
4.661738148014526217e+01
4.661722558511079484e+01
4.661247824644106430e+01
4.660536020109844202e+01
4.659630110801230529e+01
4.658730840141784313e+01
4.657784652879811205e+01
4.656778443197048034e+01
4.655720705944957416e+01
4.654609750041846894e+01
4.653472202799873969e+01
4.652385139252843516e+01
4.651280903955721158e+01
4.650130625819242880e+01
4.649010574245858152e+01
4.647875872073717574e+01
4.646750392481503411e+01
4.645614399338748512e+01
4.644535260601595894e+01
4.643439867374085139e+01
4.642342601651035494e+01
4.641312920915116536e+01
4.640249798177279672e+01
4.639222424911596221e+01
4.638128117635032766e+01
4.637068751830404523e+01
4.636037754959852464e+01
4.635009618360376038e+01
4.633922543852634135e+01
4.632899580581933918e+01
4.631878595721172331e+01
4.630829826222577594e+01
4.629796856122460014e+01
4.628755627070824374e+01
4.627755466014116337e+01
4.626729473571231210e+01
4.625697741148420761e+01
4.624677913332493517e+01
4.623661575057621320e+01
4.622682605382945553e+01
4.621670893391718948e+01
4.620646775108743043e+01
4.619691638571313064e+01
4.618660944472549801e+01
4.617681915522592107e+01
4.616681985155344847e+01
4.615665558474656649e+01
4.614661926812734549e+01
4.613674892541661166e+01
4.612683006602244262e+01
4.611685772012286577e+01
4.610688432053120067e+01
4.609732329024139830e+01
4.608726383829913686e+01
4.607796336852138808e+01
4.606893022197336052e+01
4.605928778815511038e+01
4.604975278946945139e+01
4.604023683937781186e+01
4.603043646686464996e+01
4.602070711233805866e+01
4.601088709110518238e+01
4.600129866840342885e+01
4.599209492517491782e+01
4.598268590523109367e+01
4.597315666350163355e+01
4.597965643129796121e+01
4.598340061589171768e+01
4.597805898226829413e+01
4.597183288239870791e+01
4.596402752509330725e+01
4.595585968045332947e+01
4.594670617693230241e+01
4.593694901256419172e+01
4.592749374680686714e+01
4.591765481313137798e+01
4.590739434748959269e+01
4.589735035828695686e+01
4.588674722436095266e+01
4.587639031443440985e+01
4.586627741003223946e+01
4.585606653742850369e+01
4.584603610019123465e+01
4.583573124125432940e+01
4.582560324985714573e+01
4.581590302367824563e+01
4.580602365631893491e+01
4.579683207397149403e+01
4.578687486984089361e+01
4.577731748168205428e+01
4.576775974608818842e+01
4.575797269297225967e+01
4.574819305407039849e+01
4.573837306638886702e+01
4.572873373147174192e+01
4.571898818937467013e+01
4.570925798676348961e+01
4.569965229864437362e+01
4.569015585657617606e+01
4.568090499615603761e+01
4.567144376554606566e+01
4.566211399450698138e+01
4.565245848443386478e+01
4.564322753961404544e+01
4.563376353810846808e+01
4.562429489724359399e+01
4.561478250969631887e+01
4.560523718024057871e+01
4.559573073070537674e+01
4.558669021142999611e+01
4.557720186575336641e+01
4.558652664382600506e+01
4.559050165737281901e+01
4.558798913779138218e+01
4.558309138426741214e+01
4.557649429460675350e+01
4.556898899548939852e+01
4.556111040106118537e+01
4.555256821187165173e+01
4.554312725416374263e+01
4.553401263163588908e+01
4.552463027132450435e+01
4.551536570575748186e+01
4.550557660690090955e+01
4.549603831877811189e+01
4.548618024438294327e+01
4.547705154141036132e+01
4.546747219505055426e+01
4.545801487542924946e+01
4.544880625405270536e+01
4.543934149610782924e+01
4.543016218914951310e+01
4.542076272445891050e+01
4.541144807143624718e+01
4.540197773485151345e+01
4.539263367212726763e+01
4.538339478646552294e+01
4.537418878619811835e+01
4.536507317579857812e+01
4.535614854332612111e+01
4.534692800767157905e+01
4.533783990836425914e+01
4.533292233472167254e+01
4.534290011136535981e+01
4.535607600301577236e+01
4.535945688002031062e+01
4.535981299626960350e+01
4.535947596782165192e+01
4.535590416066592923e+01
4.535145797139534096e+01
4.534737313292966832e+01
4.534170016596571884e+01
4.533522639431958368e+01
4.535193567557682570e+01
4.536105381119298130e+01
4.536716672912649528e+01
4.537123727742305590e+01
4.537319169419746601e+01
4.537405191066385157e+01
4.537425524317983161e+01
4.537491502271443267e+01
4.537374295552167069e+01
4.537240781024453895e+01
4.536988341472179087e+01
4.536594856346014382e+01
4.536154583804384544e+01
4.535655568058091802e+01
4.535172273960723288e+01
4.534559225872138910e+01
4.533936135473400242e+01
4.533307776102509479e+01
4.532587068069268810e+01
4.531848732784727929e+01
4.531020626326216671e+01
4.530202356365467153e+01
4.529351256200364162e+01
4.528491898262111448e+01
4.527625703161898940e+01
4.526755949695185421e+01
4.525904239551850594e+01
4.524998504027713864e+01
4.524106171985908276e+01
4.523209863520246898e+01
4.522338683413652660e+01
4.521480031369758024e+01
4.520609894627040148e+01
4.519740584185293386e+01
4.518859921745678321e+01
4.517988197016016017e+01
4.517134897127699844e+01
4.516278864588203135e+01
4.515416294735307901e+01
4.514569841502599701e+01
4.513717600254851448e+01
4.512853591681742671e+01
4.511977349177784902e+01
4.511120632604461633e+01
4.510258609739970126e+01
4.509385343392745682e+01
4.508515030073091623e+01
4.507686171904224892e+01
4.507181819858812588e+01
4.507976752357591721e+01
4.507663508577787326e+01
4.507072509133038807e+01
4.506414928551802035e+01
4.505623150530586685e+01
4.504798721355937374e+01
4.503937163562810042e+01
4.503050003234960030e+01
4.502163123837193837e+01
4.501264890081387193e+01
4.500370042478141386e+01
4.499480134099441386e+01
4.498568727950259216e+01
4.497684860082175362e+01
4.496801199407846639e+01
4.495920484447491816e+01
4.495023050571263923e+01
4.494142297937586505e+01
4.493310351750297826e+01
4.492486470158810619e+01
4.491649067073284129e+01
4.490788699988828370e+01
4.489946414549634568e+01
4.489153113410164764e+01
4.489659005351021648e+01
4.489979202881431064e+01
4.489816303976271428e+01
4.489255840862249869e+01
4.488644474126260064e+01
4.488009755197344930e+01
4.487259139899818905e+01
4.486491086817384399e+01
4.485668234731573278e+01
4.484838875262088465e+01
4.484006601665790015e+01
4.483141513659997912e+01
4.482375825135377312e+01
4.481881254730799924e+01
4.482561098408646671e+01
4.482656246336938466e+01
4.482314370963582206e+01
4.481769628271010930e+01
4.481166908645192848e+01
4.480475518390592526e+01
4.479742878966248298e+01
4.479002218778578026e+01
4.478190774455038792e+01
4.477369252621484463e+01
4.476539281541570148e+01
4.475710717574401087e+01
4.474870085177845880e+01
4.474031463892368521e+01
4.473190333357773341e+01
4.472365556930315478e+01
4.471545741870469470e+01
4.470742578921434784e+01
4.469909832057954446e+01
4.469085453700220967e+01
4.468281604837203957e+01
4.467475561911955850e+01
4.466677484179945878e+01
4.465899496218994358e+01
4.465107214899833110e+01
4.464291231241990232e+01
4.463497459841435244e+01
4.462733360675037630e+01
4.461941618642109120e+01
4.461177662830434087e+01
4.460393672802032938e+01
4.459599453245031242e+01
4.458815769174326249e+01
4.458015575867598557e+01
4.457263454252769463e+01
4.457831102571199722e+01
4.458382841210644187e+01
4.458564081954106229e+01
4.458437866351216883e+01
4.458034084465700886e+01
4.457530798269252159e+01
4.457009021604181953e+01
4.456385551531419509e+01
4.455786987409534561e+01
4.455082440268364508e+01
4.454438213040035777e+01
4.453716549420961712e+01
4.452973766806210421e+01
4.452206131993805371e+01
4.451438977515326201e+01
4.450636400128306747e+01
4.449828999734022972e+01
4.449036767952488702e+01
4.448240550195342990e+01
4.447458308805524041e+01
4.446651055882650638e+01
4.445839337171118189e+01
4.445060326994945399e+01
4.444303651726200144e+01
4.443588899638190526e+01
4.442813647465816729e+01
4.442042118486003233e+01
4.441288816616574309e+01
4.440535533250378109e+01
4.439780472453897886e+01
4.439005593051662402e+01
4.438236696576214513e+01
4.437481864619913807e+01
4.436730907408628610e+01
4.435984138935968701e+01
4.435230314231914406e+01
4.434491800947176898e+01
4.433726732738724507e+01
4.432970412688499096e+01
4.432223969656486418e+01
4.431491200509824324e+01
4.430716001004303450e+01
4.429926864995863411e+01
4.429201584173831918e+01
4.428454346368793182e+01
4.427711889324646677e+01
4.426954802947635415e+01
4.426218725531069254e+01
4.425507490177928105e+01
4.424763689115452792e+01
4.424022668174533379e+01
4.423272045221712290e+01
4.422557819197009366e+01
4.421840283175544783e+01
4.421152323481954483e+01
4.420445230463172948e+01
4.419732936970675041e+01
4.419942777500890685e+01
4.420426567797971273e+01
4.420194596119569752e+01
4.419729332552774537e+01
4.419208257878674573e+01
4.418621104126223287e+01
4.417966002797243164e+01
4.417224223558923768e+01
4.416516599539233567e+01
4.415811348014135973e+01
4.415050814341007168e+01
4.414265147420655921e+01
4.413499934775819611e+01
4.412729113802375736e+01
4.411959094680759108e+01
4.411197995821792972e+01
4.410435234970822904e+01
4.409672660238837949e+01
4.408922631620880139e+01
4.408189202657341355e+01
4.407439263470302393e+01
4.406710772989037395e+01
4.405974841284819377e+01
4.405254491394408944e+01
4.404516480038466852e+01
4.403781820037393402e+01
4.403058858203240788e+01
4.402317340590804662e+01
4.401591963280600339e+01
4.400856418439128248e+01
4.400140656210444234e+01
4.399970894229806362e+01
4.402528508270680163e+01
4.403887134206210874e+01
4.404912786891112120e+01
4.405929002848980502e+01
4.406620784639746802e+01
4.407140618571313695e+01
4.407713469692251351e+01
4.407969762934172309e+01
4.408087929996472099e+01
4.408271956818955317e+01
4.408325092249799582e+01
4.408260048204370207e+01
4.408193356792205719e+01
4.407959099792554269e+01
4.407753569571765695e+01
4.407486506498692336e+01
4.407774567817033073e+01
4.407517203225140889e+01
4.407174214832465964e+01
4.406792160994661600e+01
4.406351968808741049e+01
4.405813522308648089e+01
4.405283869415630704e+01
4.404705406090853614e+01
4.404076128775165699e+01
4.403440681590825534e+01
4.402761518752799930e+01
4.402060214903211488e+01
4.401381086753628580e+01
4.400704228522797479e+01
4.399991643522702134e+01
4.399281149459077511e+01
4.398593483644037150e+01
4.397873614819985022e+01
4.397176948184834089e+01
4.396493677721581861e+01
4.395782825338650923e+01
4.395078758015002762e+01
4.394389430593890467e+01
4.393697048540347794e+01
4.393011098574665851e+01
4.392313992802416323e+01
4.391627141536196177e+01
4.390959562033477681e+01
4.390263687763953726e+01
4.389577388964760019e+01
4.389565980116609012e+01
4.390501188348179085e+01
4.390706305240298235e+01
4.390644648956303087e+01
4.390389802670842556e+01
4.390201535876404648e+01
4.389826063551334556e+01
4.389348036633894878e+01
4.388853018309745124e+01
4.388342852077778389e+01
4.387807705197714370e+01
4.387211317353580142e+01
4.386590761215730794e+01
4.385984310087020788e+01
4.386329485346741563e+01
4.386255718543710458e+01
4.385884090515568801e+01
4.385451945070851565e+01
4.384900260170310560e+01
4.384352799541937884e+01
4.383723347315363839e+01
4.383070744327470436e+01
4.382387563348007120e+01
4.381716178024768027e+01
4.381025074914153805e+01
4.380318422301269266e+01
4.379628315905537050e+01
4.378915632057064045e+01
4.378220853211585251e+01
4.377523102721382031e+01
4.376837803573134522e+01
4.376161908691349112e+01
4.375487630128201744e+01
4.374840484976947153e+01
4.374174275611945006e+01
4.373520796689552981e+01
4.372846673370703030e+01
4.372198346700768923e+01
4.371569696631891588e+01
4.370928468719420579e+01
4.370264365035203014e+01
4.369625449343211443e+01
4.368983210764424285e+01
4.368344928690954987e+01
4.368066336684242401e+01
4.368798709675468217e+01
4.368674469205438271e+01
4.368284223907541985e+01
4.367834371526030424e+01
4.367291025809255700e+01
4.366679197804776891e+01
4.366045599108763753e+01
4.365391664485905920e+01
4.364683188207622067e+01
4.363983206572986262e+01
4.363253871061305489e+01
4.362543122804306961e+01
4.361826626435723853e+01
4.361103707085112546e+01
4.360423939129142212e+01
4.359734576960752150e+01
4.359097240952337415e+01
4.358451393079081271e+01
4.357802804452950340e+01
4.357124198146298966e+01
4.356458377746154298e+01
4.355788904048598198e+01
4.355170846447116162e+01
4.354509877584722943e+01
4.353904257853261583e+01
4.353286256296441081e+01
4.352661839347575778e+01
4.352017028934831444e+01
4.351472436203210492e+01
4.352476046704000368e+01
4.353185231062282412e+01
4.353269991935191996e+01
4.353073834803797837e+01
4.352743064160524256e+01
4.352393510064355553e+01
4.351974733723272948e+01
4.351519270810298678e+01
4.351004143940378555e+01
4.350455926457091493e+01
4.349894291175981920e+01
4.349312200523158367e+01
4.348667938297092661e+01
4.348047924115852680e+01
4.347372858663507600e+01
4.346711855013079884e+01
4.346075948600608285e+01
4.345428340169085146e+01
4.344746531188152261e+01
4.344118409189034224e+01
4.343472315064435207e+01
4.342835350142438244e+01
4.342206633248870418e+01
4.341589601535360998e+01
4.340981221948338487e+01
4.340369905196965306e+01
4.339780375352046349e+01
4.339145734883059191e+01
4.338541904540350203e+01
4.337910832545394157e+01
4.337306539320508847e+01
4.336696493833372301e+01
4.336072773311620665e+01
4.335443702568711899e+01
4.334828917698562378e+01
4.334214313232226345e+01
4.333629171934681779e+01
4.333029932644155480e+01
4.332464249890976760e+01
4.331851061315144591e+01
4.331238535541152146e+01
4.330626049046213666e+01
4.330034038795327689e+01
4.329419105502153542e+01
4.328800189960183786e+01
4.328209045162713409e+01
4.327598947384305461e+01
4.327020893372977639e+01
4.326462479768650837e+01
4.325918191782724165e+01
4.325345640416645665e+01
4.324770025477833002e+01
4.324202941648869114e+01
4.323617990801025002e+01
4.323043518394742080e+01
4.322458495145172463e+01
4.321909458851857977e+01
4.321282793721285032e+01
4.320723035909644949e+01
4.320128372161895669e+01
4.319580353996128963e+01
4.319041982455749462e+01
4.318465561327964508e+01
4.317891023294339448e+01
4.317317045459639502e+01
4.316782609640210211e+01
4.316260687173699750e+01
4.315779292645275689e+01
4.318699526803224842e+01
4.320481329418923622e+01
4.322087790046617783e+01
4.323485317214255730e+01
4.324797934870583305e+01
4.326057791469974489e+01
4.327173405942509277e+01
4.328293029035838657e+01
4.329386121893687545e+01
4.330415204268891216e+01
4.331523972999815442e+01
4.332516577192522789e+01
4.333393354715757795e+01
4.334252163587324702e+01
4.335287256944096157e+01
4.336152263269034535e+01
4.336802700350695972e+01
4.337506901055050434e+01
4.338083510403373566e+01
4.338706426718574960e+01
4.339327618661320685e+01
4.339792319029301382e+01
4.340128839386450466e+01
4.340382687679913687e+01
4.340670315439579952e+01
4.340722289225160324e+01
4.340683371248452715e+01
4.340735536943068240e+01
4.340682618639438317e+01
4.340506009373858376e+01
4.340263106408266225e+01
4.339945087764549925e+01
4.339572698256955618e+01
4.339118306149414650e+01
4.338590352412600026e+01
4.338049935843810090e+01
4.337497326040242740e+01
4.336905885550498141e+01
4.336298778308557900e+01
4.335716810417164169e+01
4.335115224062025163e+01
4.334497549022413665e+01
4.333878636673370011e+01
4.333280491698770476e+01
4.332664215896955540e+01
4.332071391073434086e+01
4.331492193888310283e+01
4.330892921996534994e+01
4.330269682424907529e+01
4.329668276475270972e+01
4.329073994742400799e+01
4.328484864931714782e+01
4.327899473042935341e+01
4.327332718074693219e+01
4.326755402169682441e+01
4.326141954363536968e+01
4.325543883638105314e+01
4.324958963924055411e+01
4.324371380980741009e+01
4.323797288452271914e+01
4.323217155733861716e+01
4.322668038443479332e+01
4.322086467974905588e+01
4.321540312026132113e+01
4.320990635270861446e+01
4.320413829674627948e+01
4.319841226269068812e+01
4.319276537042892272e+01
4.318715610162700358e+01
4.318176493336498112e+01
4.317643867005311620e+01
4.317064172464161942e+01
4.316487002902589154e+01
4.315934362497326049e+01
4.315362735997622678e+01
4.314774114931493187e+01
4.314209841212073115e+01
4.315219823941285426e+01
4.316072175457369298e+01
4.316512461789490374e+01
4.316737586687461459e+01
4.316989818474829832e+01
4.316984691539678920e+01
4.316938202449134820e+01
4.316762963898251826e+01
4.316527804334329943e+01
4.316230891544788761e+01
4.315908931456073816e+01
4.315553566139533359e+01
4.315179543913243521e+01
4.314708691441909849e+01
4.314203718579265967e+01
4.313644896902430048e+01
4.313113082359816275e+01
4.312531488175704197e+01
4.311938719022020905e+01
4.311345894741454288e+01
4.310750847279070541e+01
4.310139978285958762e+01
4.309588231228853772e+01
4.308976385168593737e+01
4.308390578969148521e+01
4.307799548192150496e+01
4.307216116445059839e+01
4.306636198507281676e+01
4.306066947938241185e+01
4.305515742333153639e+01
4.304933938279315697e+01
4.304362149769081469e+01
4.303800711471301099e+01
4.303218218754180668e+01
4.302653302383929201e+01
4.302108124716693283e+01
4.301549778725038209e+01
4.300988217493769383e+01
4.300396379513437495e+01
4.299815441327341858e+01
4.299268752790421644e+01
4.298738432210146954e+01
4.298186718697050424e+01
4.297622471058587479e+01
4.297073032345641508e+01
4.296519163011991083e+01
4.297391673524433031e+01
4.298510814131508084e+01
4.299007454950587714e+01
4.299326781105455808e+01
4.299414561816712421e+01
4.299409152430334302e+01
4.299377191218365368e+01
4.299182612544662163e+01
4.298940141543845073e+01
4.298726434126985652e+01
4.298426752149571684e+01
4.298133657880225655e+01
4.297743260019919376e+01
4.297394164320469656e+01
4.296998023775849163e+01
4.296549333437322815e+01
4.296794589972422784e+01
4.297099643099243593e+01
4.296969155315049704e+01
4.296691217099156290e+01
4.296357261651957060e+01
4.296025586103277050e+01
4.295622075357334779e+01
4.295219153735398265e+01
4.294755453425914737e+01
4.294279146747017251e+01
4.293773741812427147e+01
4.293249107800890130e+01
4.292703612154970472e+01
4.292146033728798926e+01
4.291579723876384378e+01
4.291019344562769078e+01
4.290461235037531651e+01
4.289894200152563997e+01
4.289332395206365334e+01
4.288758163923646549e+01
4.288209106653398806e+01
4.288181440680670420e+01
4.289418080847985237e+01
4.289959123844427324e+01
4.290266318488456676e+01
4.290336521539050096e+01
4.290295235280223096e+01
4.290085888308996687e+01
4.290369953071002129e+01
4.290760886087814896e+01
4.290911044627501525e+01
4.290852973675415427e+01
4.290783196603594263e+01
4.290600931652637939e+01
4.290404633532748591e+01
4.290175638125820967e+01
4.289862007198718175e+01
4.289525138103463320e+01
4.289198043034906505e+01
4.288789250685328369e+01
4.288360348817654000e+01
4.287886401649419099e+01
4.287387839647472276e+01
4.286901915826226173e+01
4.286395114519202565e+01
4.285868564740207631e+01
4.285326205555659840e+01
4.284791634714525088e+01
4.284256040570200952e+01
4.283704750705548037e+01
4.283154980153816638e+01
4.282607352987660221e+01
4.282062365402710924e+01
4.281534072908955579e+01
4.280989766714682077e+01
4.280468077395616433e+01
4.279971624350544346e+01
4.281258092350134348e+01
4.281545030778718086e+01
4.281619469441396575e+01
4.281488852706804948e+01
4.281312793218662449e+01
4.280976383230967741e+01
4.280634863844195337e+01
4.280221320741454605e+01
4.279783515748126632e+01
4.279319904431777388e+01
4.278817940992436064e+01
4.278314342551349370e+01
4.277786021108394721e+01
4.277267330845161553e+01
4.276716825230451491e+01
4.276177752288264600e+01
4.275652940541842639e+01
4.275103643662058062e+01
4.274574588269440056e+01
4.274040410785956112e+01
4.273498996826652530e+01
4.272989294438315255e+01
4.272465566985795249e+01
4.271969804916729174e+01
4.271429296956554111e+01
4.270907883453493525e+01
4.270422509480213336e+01
4.269922187708104389e+01
4.269383945012515369e+01
4.268885032143236913e+01
4.268360918313591412e+01
4.267826418609075034e+01
4.267300368528415788e+01
4.266770309059927513e+01
4.266258659022673072e+01
4.265736998683697578e+01
4.265201566805030353e+01
4.264674002172761647e+01
4.264434498606026125e+01
4.265225743354690024e+01
4.265271542540751426e+01
4.265052860326525064e+01
4.264773609292075207e+01
4.264421268737800830e+01
4.263998248116683953e+01
4.263559283511801823e+01
4.263091450251910430e+01
4.262603693802527260e+01
4.262097850801345089e+01
4.261591856941164735e+01
4.261043752730661538e+01
4.260507949134376560e+01
4.259949539794920526e+01
4.259412499801673135e+01
4.258867416648807591e+01
4.258328783962037534e+01
4.257811034178502041e+01
